( -29  17  42  )
( -30  11  -19  )
( -34  0  -31  )
( 22  -2  -0  )
( 34  31  5  )
( -1  -35  -42  )
( 26  12  -17  )
( 44  19  -49  )
( 1  -47  3  )
( -32  5  -26  )
( 38  16  35  )
( -29  -33  -45  )
( 18  -5  -32  )
( -34  -30  32  )
( -43  -44  10  )
( -20  -46  -29  )
( 20  11  -9  )
( -23  4  -10  )
( -8  -6  -47  )
( -30  2  45  )
( -30  -26  -19  )
( 34  41  -42  )
( -37  31  25  )
( 36  -2  -46  )
( 6  5  -28  )
( 20  38  -16  )
( 11  9  -2  )
( -0  28  -13  )
( -13  -45  35  )
( -34  -43  -45  )
( 21  -37  9  )
( 12  49  1  )
( 33  -8  -25  )
( 40  -22  -28  )
( -17  48  -47  )
( 37  13  -20  )
( 7  21  5  )
( -9  -22  17  )
( -9  -44  -13  )
( -3  1  22  )
( -1  -14  -44  )
( -3  17  35  )
( 30  31  4  )
( 39  41  -30  )
( -18  -0  9  )
( 19  23  -8  )
( -47  -2  -5  )
( -29  -25  -6  )
( -35  48  -38  )
( 17  44  -7  )
( -16  35  48  )
( -30  25  39  )
( -45  31  9  )
( -27  24  -30  )
( -22  -6  -27  )
( -28  12  -41  )
( -44  3  29  )
( -17  -25  -27  )
( 19  48  -18  )
( 1  -14  -17  )
( -29  -0  -26  )
( -7  1  34  )
( -20  -23  -16  )
( -3  16  -44  )
( -28  -9  39  )
( -13  -48  34  )
( 34  9  -43  )
( 1  -7  14  )
( -31  11  -27  )
( -39  -6  2  )
( 30  37  -20  )
( 40  -47  27  )
( 19  -40  2  )
( 14  -17  33  )
( 45  -24  44  )
( 35  17  39  )
( 18  13  41  )
( -42  26  -36  )
( -36  -44  5  )
( -14  -8  32  )
( 20  27  36  )
( 43  15  -25  )
( 23  -48  15  )
( -13  -41  38  )
( -16  -9  -45  )
( -44  19  -37  )
( -6  10  -40  )
( 24  -45  30  )
( 48  43  4  )
( -11  38  47  )
( 31  32  35  )
( -1  12  46  )
( 42  33  36  )
( 16  -21  -15  )
( 36  16  -14  )
( -10  -49  -3  )
( -8  -41  6  )
( -24  -33  0  )
( -41  -43  -34  )
( 11  7  -27  )
( -31  -44  9  )
( -43  -33  -37  )
( -36  15  10  )
( -4  -43  -15  )
( 35  12  27  )
( 2  -24  32  )
( -23  42  7  )
( -2  1  -14  )
( 17  -23  10  )
( 9  37  43  )
( 16  -19  17  )
( -36  -20  3  )
( 22  10  29  )
( 13  8  23  )
( 38  -31  -45  )
( -35  37  21  )
( 2  29  43  )
( 40  27  31  )
( -44  31  -26  )
( -22  -6  -3  )
( 48  47  18  )
( 17  -21  12  )
( -48  -39  21  )
( -44  -38  32  )
( 19  -23  38  )
( -12  2  44  )
( -43  -18  27  )
( -17  6  -46  )
( -42  -39  20  )
( 23  -46  -9  )
( -43  -32  -14  )
( -28  15  35  )
( 22  24  9  )
( -18  -14  39  )
( 42  16  -29  )
( 3  34  33  )
( 31  1  -4  )
( -26  29  -25  )
( -39  -3  47  )
( 43  48  -29  )
( -44  -5  -12  )
( -37  -29  16  )
( 20  -42  25  )
( 23  -12  30  )
( 7  -32  -20  )
( -6  -44  -41  )
( -12  28  -26  )
( 49  35  -29  )
( -45  46  -1  )
( -9  -3  1  )
( 31  14  -17  )
( -7  8  -9  )
( -43  -46  3  )
( -38  46  39  )
( -10  28  36  )
( 48  -19  26  )
( -36  26  37  )
( 39  -1  36  )
( 26  16  47  )
( -21  -6  -47  )
( -49  22  16  )
( -44  -30  -26  )
( 9  16  -5  )
( -22  -39  13  )
( 48  -34  39  )
( 30  -17  -23  )
( -16  18  31  )
( -41  4  26  )
( 37  -23  -4  )
( 47  -28  27  )
( -21  34  -16  )
( 46  -37  16  )
( 11  30  43  )
( 31  -36  -4  )
( -37  7  -33  )
( -18  -28  36  )
( -28  -31  32  )
( -46  -33  22  )
( 25  1  -21  )
( -21  35  8  )
( -25  44  10  )
( -26  12  -23  )
( -18  16  -2  )
( -33  31  -47  )
( 15  32  30  )
( -9  46  -2  )
( 31  43  -38  )
( -17  -0  45  )
( 4  -12  -25  )
( 35  0  37  )
( 39  4  -43  )
( -38  -2  -33  )
( 47  -39  33  )
( 45  -28  43  )
( 49  12  34  )
( -18  34  -24  )
( 37  0  5  )
( -15  -18  48  )
( 31  13  -22  )
( 30  -17  -25  )
( 20  36  45  )
( 30  16  25  )
( 5  20  -31  )
( 32  15  1  )
( 6  -22  16  )
( -44  -47  -23  )
( 31  0  27  )
( -32  33  -35  )
( -33  -49  -2  )
( -19  37  27  )
( -22  13  -19  )
( 43  44  28  )
( -40  49  -34  )
