( 192  -194  274  )
( -279  -277  27  )
( -333  -47  22  )
( 309  -167  239  )
( -82  -300  -217  )
( 227  71  215  )
( -183  -276  -255  )
( -201  -45  -281  )
( 267  138  166  )
( 50  -335  -75  )
( -201  -4  233  )
( -303  -241  -280  )
( 291  190  7  )
( -155  -342  -308  )
( -71  -150  -282  )
( -21  46  141  )
( 124  245  -220  )
( 181  331  -184  )
( -314  -70  4  )
( 208  -88  90  )
( -234  -219  -95  )
( -299  -37  -214  )
( -235  209  57  )
( -150  -232  -291  )
( 304  -294  317  )
( -279  101  130  )
( -220  74  269  )
( 45  -97  -272  )
( 278  56  239  )
( 337  139  -119  )
( -205  -194  -107  )
( -65  118  -2  )
( 332  86  -227  )
( 12  202  281  )
( 218  -318  -186  )
( -206  -221  -169  )
( 202  176  -258  )
( -322  -129  -54  )
( -283  -272  216  )
( 37  -39  -214  )
( 346  -252  208  )
( -224  299  168  )
( -329  -213  14  )
( -63  291  -342  )
( -72  82  220  )
( 277  -257  -267  )
( -73  -217  -71  )
( -46  -175  109  )
( 99  21  -108  )
( 76  -119  -308  )
( -327  -168  45  )
( -83  128  -312  )
( 253  280  -165  )
( 255  -91  278  )
( 320  76  133  )
( -327  -129  225  )
( -193  150  -235  )
( 39  -10  88  )
( 261  -169  -124  )
( -246  153  -219  )
( -279  -71  135  )
( 126  29  -237  )
( -212  -59  60  )
( -14  15  92  )
( -161  -264  -237  )
( -258  26  -248  )
( 41  71  321  )
( -315  -6  -163  )
( 308  -59  -57  )
( 319  -123  -197  )
( 200  215  -312  )
( -163  303  235  )
( -200  -18  148  )
( 290  -95  255  )
( 316  -23  -182  )
( -75  -296  325  )
( 47  -20  -115  )
( 31  178  -43  )
( 54  -7  -90  )
( 3  293  153  )
( 27  28  -93  )
( -183  -10  -27  )
( -144  156  -176  )
( 58  -255  -99  )
( 130  214  7  )
( 198  -321  89  )
( -253  235  307  )
( 155  -300  -94  )
( -89  -18  -232  )
( 248  84  72  )
( -209  -179  -69  )
( -292  143  78  )
( -192  -296  -88  )
( -135  340  143  )
( 21  -59  -100  )
( -191  -227  116  )
( -248  -123  -136  )
( 183  143  176  )
( -32  166  315  )
( -88  303  -159  )
( -287  230  126  )
( -135  270  342  )
( -21  -258  -316  )
( -243  132  167  )
( -262  165  297  )
( 337  279  -262  )
( 107  168  -143  )
( -179  141  292  )
( -185  10  124  )
( -306  127  187  )
( -233  22  -277  )
( -142  -144  -40  )
( 147  4  -127  )
( 272  -240  -18  )
( 88  -237  165  )
( -312  -187  97  )
( -253  -166  83  )
( 328  -154  53  )
( -126  -295  326  )
( -87  -115  -166  )
( 216  91  303  )
( 199  -25  -244  )
( 200  -312  -102  )
( 72  -37  302  )
( -251  64  -63  )
( 32  37  313  )
( -249  -2  177  )
( -6  -258  69  )
( 70  -183  337  )
( -132  137  -121  )
( -295  32  189  )
( -167  345  -163  )
( 32  -30  -291  )
( 69  64  311  )
( -0  -258  166  )
( -211  29  -324  )
( -268  -80  -178  )
( 162  264  286  )
( 146  207  273  )
( -66  117  -341  )
( -123  -76  139  )
( -124  154  -278  )
( 50  184  320  )
( -97  -168  175  )
( 133  -18  -93  )
( 272  -229  -275  )
( 203  48  -266  )
( -98  -169  222  )
( 318  -213  18  )
( 312  26  -340  )
( 104  -9  -59  )
( 273  -333  -163  )
( 249  286  -201  )
( -218  -50  -8  )
( -95  332  268  )
( -66  -57  164  )
( 306  -292  -46  )
( -201  81  12  )
( 1  143  -66  )
( -261  149  269  )
( -251  297  -59  )
( 304  -204  -138  )
( 48  -348  194  )
( 74  -33  292  )
( 2  268  -309  )
( 178  143  57  )
( 287  209  91  )
( -246  102  -17  )
( 207  -102  -77  )
( 209  232  329  )
( 8  -73  -139  )
( -100  314  80  )
( 168  -338  -142  )
( -64  -264  -101  )
( -61  349  119  )
( 26  -48  81  )
( -317  -191  -259  )
( -140  -239  314  )
( 176  43  -246  )
( -127  287  -320  )
( 109  344  123  )
( 25  308  -146  )
( -342  -99  91  )
( 324  23  86  )
( -16  -64  -5  )
( 144  -18  7  )
( 198  -136  146  )
( -230  94  13  )
( -41  -82  338  )
( 25  -28  -143  )
( 93  127  165  )
( -75  -245  -194  )
( 82  335  200  )
( 159  228  235  )
( 208  -155  -217  )
( 329  -280  261  )
( 96  -161  -241  )
( 40  108  182  )
( -258  -106  -212  )
( 328  142  -226  )
( -93  71  -95  )
( 165  -28  -50  )
( -61  226  142  )
( -41  329  -230  )
( 337  55  349  )
( -256  -167  -293  )
( -341  249  227  )
( -309  168  105  )
( 281  193  174  )
( 181  -5  -69  )
( -138  256  -207  )
( 54  193  62  )
( -280  -309  -316  )
( 185  -206  193  )
( 7  -310  161  )
( 65  211  217  )
( -230  204  -144  )
( -194  219  -192  )
( -302  -222  -161  )
( -138  -178  38  )
( -342  -44  81  )
( -121  -298  66  )
( 61  -275  139  )
( 106  110  259  )
( -156  -89  -17  )
( -97  -20  267  )
( -197  92  36  )
( -156  73  86  )
( 67  -54  -336  )
( 323  -152  -148  )
( 331  88  -102  )
( 102  -0  -128  )
( -347  30  -183  )
( -303  -155  -48  )
( -319  -136  -317  )
( -199  86  144  )
( 73  -245  49  )
( -295  15  184  )
( 81  -240  -80  )
( -83  251  -108  )
( -254  172  -150  )
( 279  89  47  )
( -6  155  270  )
( -24  217  -146  )
( -190  -258  216  )
( -303  347  -249  )
( 128  -251  -313  )
( -179  -12  -314  )
( -14  330  149  )
( 321  -277  -308  )
( -299  -26  -13  )
( -276  -104  -78  )
( 204  113  117  )
( -36  251  62  )
( -292  -339  -307  )
( -106  279  -194  )
( 148  27  111  )
( 99  79  -26  )
( 25  221  -158  )
( 185  105  -89  )
( 285  -314  -29  )
( -255  -73  -270  )
( 64  222  164  )
( -90  23  17  )
( -186  192  -157  )
( 75  257  10  )
( -272  -212  180  )
( 307  6  50  )
( 176  -16  -305  )
( 192  42  282  )
( -16  228  339  )
( -100  179  -85  )
( 139  177  128  )
( 125  -28  216  )
( -129  -124  309  )
( 290  -291  293  )
( 153  274  54  )
( -197  -127  159  )
( -329  -258  145  )
( -50  -285  -176  )
( 95  193  -223  )
( -291  -0  -238  )
( 238  10  19  )
( -309  254  -104  )
( 138  -241  141  )
( 317  305  -37  )
( 29  -2  239  )
( 281  78  -248  )
( -225  226  261  )
( 169  302  263  )
( -77  278  -347  )
( 314  -102  -246  )
( -198  -70  341  )
( 203  190  50  )
( -252  -309  -9  )
( -302  79  -219  )
( -239  124  195  )
( -218  -306  2  )
( 41  233  79  )
( -234  -101  -155  )
( 223  166  -51  )
( -292  211  -36  )
( -57  -291  -115  )
( -231  -164  154  )
( 255  -254  49  )
( -318  14  24  )
( 104  -8  7  )
( 151  -123  -312  )
( 24  25  261  )
( -300  261  255  )
( -287  81  -172  )
( 85  323  -94  )
( -116  221  -11  )
( 291  334  55  )
( -191  273  165  )
( -276  -116  189  )
( -303  62  186  )
( 148  311  -152  )
( 254  246  51  )
( 309  203  -175  )
( 207  -45  133  )
( -175  -146  -101  )
( -9  126  -24  )
( 15  -73  -243  )
( 135  -197  266  )
( -277  195  172  )
( -91  -337  -170  )
( 331  -178  320  )
( -202  -215  -136  )
( -303  -315  330  )
( 283  64  131  )
( -192  233  227  )
( 215  -0  -40  )
( -316  -130  -333  )
( -34  349  -220  )
( 247  166  -115  )
( -130  149  -14  )
( 225  -292  125  )
( -36  190  -183  )
( 315  70  -74  )
( 69  101  -4  )
( -143  -136  -105  )
( -23  279  -20  )
( 43  -94  -53  )
( 256  212  54  )
( 204  -230  114  )
( -250  -56  188  )
( -82  -163  -162  )
( 42  83  28  )
( -255  116  -132  )
( -233  236  280  )
( 251  283  -78  )
( -228  31  -303  )
( 152  309  -34  )
( -211  184  -345  )
( -46  173  -8  )
( -60  194  -41  )
( -130  33  -203  )
( 46  43  227  )
( -327  205  137  )
( -340  144  -292  )
( -8  -127  -345  )
( 57  -242  -140  )
( -27  146  -279  )
( -25  -29  -347  )
( 146  302  286  )
( 132  164  267  )
( -88  -265  -41  )
( 113  -59  67  )
( -167  342  -251  )
( -106  144  -47  )
( -219  -78  -123  )
( 341  130  310  )
( -274  -298  301  )
( 228  -249  333  )
( -310  -117  -334  )
( 110  -294  -291  )
( 295  -288  -175  )
( 269  -0  -100  )
( 69  188  0  )
( 222  -287  -152  )
( 138  -18  21  )
( 293  97  -264  )
( 182  -163  -220  )
( -213  -33  -29  )
( -316  -1  -134  )
( 337  -144  159  )
( -298  -125  296  )
( 21  78  -89  )
( 194  327  -234  )
( 282  285  28  )
( -323  -223  -327  )
( 61  348  141  )
( 19  -188  -45  )
( -260  207  169  )
( 297  -234  -217  )
( 161  43  209  )
( 110  96  -235  )
( -17  294  -82  )
( -235  16  255  )
( -50  -157  -94  )
( -35  -323  343  )
( 137  88  -312  )
( -73  -55  -112  )
( -165  -317  263  )
( -152  -282  31  )
( -123  -65  -248  )
( 185  -223  110  )
( -341  -17  47  )
( 330  -197  -274  )
( -17  -225  342  )
( 299  -196  -234  )
( -280  -328  -183  )
( 130  263  93  )
( -45  -177  8  )
( 192  157  -56  )
( -323  -223  -1  )
( 328  -258  -147  )
( 305  -40  247  )
( -79  -193  -282  )
( 304  -174  -156  )
( -5  -315  -98  )
( 49  -199  147  )
( 301  193  -128  )
( -88  183  -77  )
( 340  -7  -211  )
( -114  1  145  )
( -111  -307  -127  )
( 258  274  287  )
( 258  -314  215  )
( -138  106  -263  )
( -252  268  111  )
( -94  -52  154  )
( -230  285  295  )
( -286  -236  -312  )
( -28  -199  198  )
( 41  136  267  )
( -123  3  325  )
( -323  -279  96  )
( 133  87  -112  )
( 2  -35  -114  )
( -20  -236  13  )
( 265  -307  205  )
( 203  -310  137  )
( -15  -183  -125  )
( 277  233  -91  )
( -92  230  -50  )
( -72  151  105  )
( -179  141  -14  )
( 311  -165  56  )
( 332  -68  -194  )
( -56  -68  -326  )
( 283  -21  327  )
( 197  25  -284  )
( 281  112  8  )
( 19  154  -113  )
( 339  115  313  )
( -28  -283  -236  )
( -30  241  -307  )
( -18  142  126  )
( 118  117  -195  )
( 59  215  314  )
( -295  251  64  )
( -85  -281  -82  )
( -145  -2  314  )
( 25  -14  -43  )
( 117  -58  76  )
( 324  63  -80  )
( -89  189  175  )
( 6  -181  -58  )
( 80  -57  29  )
( 195  52  -132  )
( -73  55  -228  )
( -260  327  -272  )
( 166  56  -77  )
( 293  44  -108  )
( 194  306  134  )
( 65  -336  -82  )
( 142  58  291  )
( 201  -3  -126  )
( -252  315  -162  )
( 242  -150  106  )
( -50  132  -53  )
( 336  272  19  )
( 287  -321  276  )
( 252  -177  -314  )
( 162  305  -237  )
( -349  -72  176  )
( 250  -9  -217  )
( 171  307  -36  )
( 204  -162  -69  )
( 229  17  299  )
( -165  328  171  )
( 20  -96  135  )
( -60  -73  176  )
( 8  -262  50  )
( 199  282  -130  )
( -253  23  -198  )
( -247  326  272  )
( -223  -56  217  )
( -180  51  299  )
( 3  -229  -280  )
( -82  29  -89  )
( 197  -81  -24  )
( -140  -92  266  )
( 197  116  113  )
( 299  281  110  )
( -310  126  -152  )
( -23  309  -340  )
( -60  -173  -25  )
( 3  84  -183  )
( 217  -295  -316  )
( 81  -253  126  )
( 155  -31  -109  )
( 264  182  -60  )
( 98  -66  -58  )
( -145  -32  128  )
( -25  16  8  )
( -136  -102  19  )
( 309  104  95  )
( 60  297  283  )
( -134  -343  106  )
( 19  -55  162  )
( -55  -12  170  )
( -89  -190  -212  )
( 236  -188  -243  )
( 29  -183  324  )
( 115  -52  6  )
( 308  -71  -243  )
( 188  -38  318  )
( -333  -131  -249  )
( 85  19  314  )
( 171  -59  305  )
( 27  6  -280  )
( 102  128  -249  )
( 51  307  -166  )
( 345  71  -302  )
( 54  -197  183  )
( -309  323  -243  )
( -234  39  62  )
( 288  4  -18  )
( 193  208  -283  )
( -274  -222  -175  )
( 306  52  -237  )
( 58  250  -193  )
( -137  -234  -21  )
( -79  194  -321  )
( 156  57  -239  )
( -221  259  189  )
( -62  120  40  )
( 87  -316  243  )
( 65  19  -349  )
( -343  191  83  )
( -315  -267  -77  )
( 169  -92  247  )
( 346  94  -345  )
( -239  -337  236  )
( 135  149  235  )
( -250  -61  279  )
( 125  -116  -75  )
( -146  -336  176  )
( -287  271  -346  )
( 317  -235  31  )
( -190  -322  -287  )
( 101  -251  -309  )
( 255  323  129  )
( -296  224  258  )
( 335  95  -316  )
( 301  -30  -113  )
( 10  75  236  )
( 222  -317  -244  )
( -255  315  341  )
( -58  -126  -269  )
( -76  184  226  )
( 191  149  -204  )
( -330  153  -139  )
( 298  239  214  )
( -5  -173  300  )
( -68  113  35  )
( -247  -207  95  )
( -219  -79  -299  )
( -74  169  214  )
( -187  27  292  )
( -34  85  104  )
( 158  -129  -310  )
( -190  296  301  )
( -200  81  244  )
( -325  18  191  )
( 142  215  222  )
( 278  11  121  )
( -347  -318  342  )
( 108  37  231  )
( 349  212  260  )
( 37  -251  8  )
( -184  -111  -56  )
( 90  -270  18  )
( -189  294  -143  )
( 19  82  -91  )
( -4  -125  151  )
( 25  -12  -102  )
( 190  46  330  )
( -186  -265  -119  )
( -156  -166  159  )
( 298  119  19  )
( -249  -54  -129  )
( -235  87  57  )
( 309  -53  -79  )
( 89  -17  344  )
( 138  205  -258  )
( 205  -179  208  )
( 231  222  -68  )
( -176  237  149  )
( 146  -292  13  )
( -197  156  -247  )
( 190  -11  301  )
( 146  -72  -273  )
( 249  222  173  )
( -115  -336  -310  )
( 97  45  46  )
( 34  99  162  )
( 172  276  154  )
( -213  -292  316  )
( 19  290  103  )
( -119  -210  25  )
( 258  -16  66  )
( -163  -168  145  )
( 47  264  -299  )
( -79  -104  -145  )
( 118  -214  -187  )
( 348  5  -271  )
( -343  278  306  )
( 28  69  -205  )
( 229  80  -36  )
( 276  -2  205  )
( -85  191  -186  )
( 151  34  -253  )
( -120  219  246  )
( -182  193  -232  )
( -271  157  64  )
( -121  -25  260  )
( 90  265  186  )
( 82  158  161  )
( -225  190  328  )
( -120  -231  284  )
( -334  77  -40  )
( -238  -183  256  )
( 160  -75  187  )
( -205  -311  -136  )
( -342  -90  -134  )
( -39  -204  155  )
( -120  -183  -220  )
( 251  -267  -53  )
( 311  -214  153  )
( 85  79  20  )
( 282  -54  -82  )
( -247  131  234  )
( -24  27  333  )
( -84  8  -235  )
( 231  41  -173  )
( 116  49  -21  )
( -274  -303  -295  )
( -266  -191  -219  )
( -133  152  239  )
( 31  142  -120  )
( -293  278  -259  )
( -226  -249  -139  )
( -283  70  -55  )
( 205  68  36  )
( -81  -304  201  )
( 143  -164  156  )
( 283  -23  187  )
( -107  -280  24  )
( 220  162  41  )
( -5  108  -262  )
( -203  -160  -209  )
( -50  -246  -197  )
( -38  189  -340  )
( -204  -193  224  )
( -305  -308  61  )
( 120  144  155  )
( -172  333  339  )
( -315  -160  225  )
( 65  -251  -84  )
( 118  91  -218  )
( -133  116  108  )
( 202  177  -53  )
( 58  -123  -327  )
( -295  204  -116  )
( 263  -268  -194  )
( 117  170  -219  )
( -9  182  -164  )
( -96  -8  115  )
( -114  311  194  )
( 116  -182  273  )
( 30  239  179  )
( 175  327  -131  )
( -42  301  -6  )
( -136  -100  -178  )
( -16  242  261  )
( -270  -198  134  )
( 208  -39  -85  )
( 73  299  186  )
( 30  -222  164  )
( 9  160  -180  )
( -234  153  -326  )
( -48  142  -268  )
( -244  -271  181  )
( -322  -295  195  )
( 328  -160  329  )
( 90  -234  -237  )
( 334  136  179  )
( -240  5  -218  )
( 347  207  -276  )
( -150  -216  91  )
( 244  -88  306  )
( 39  286  85  )
( -122  230  33  )
( 153  -250  -163  )
( -243  76  61  )
( -55  -80  57  )
( -144  -82  96  )
( -250  -303  116  )
( 334  -209  3  )
( -91  -41  -187  )
( -35  -59  -104  )
( -29  -234  -54  )
( 145  43  -229  )
( -233  200  292  )
( 324  -118  274  )
( 101  295  -164  )
( 267  -260  65  )
( 248  -162  -20  )
( -55  28  298  )
( -81  -226  -53  )
( 312  255  296  )
( 161  -166  -278  )
( 202  343  270  )
( 169  -54  -220  )
( -284  -280  -164  )
( 252  277  143  )
( 66  320  -135  )
( -89  285  261  )
( 315  123  -112  )
( -239  -161  46  )
( -106  0  -164  )
( -181  -108  246  )
( -306  -344  292  )
( 242  -31  -123  )
( 251  -267  -100  )
( -57  230  -340  )
( 310  260  277  )
( 330  -113  270  )
( 72  -7  -272  )
( -182  -204  130  )
( 300  -220  -306  )
( -271  -121  192  )
( -346  66  173  )
( -86  -299  97  )
( 234  -176  283  )
( -91  148  -259  )
( -52  283  -169  )
( -114  226  295  )
( -68  -295  -186  )
( 180  -305  184  )
( -16  -247  -72  )
( 332  296  -232  )
( -121  250  128  )
( -247  -168  -215  )
( -12  249  144  )
( -307  -298  -318  )
( 215  279  -318  )
( -308  -272  -245  )
( 69  -120  11  )
( 9  70  -57  )
( -301  -97  175  )
( -318  -58  -110  )
( -82  -145  212  )
( 194  12  288  )
( -26  -128  219  )
( -338  36  74  )
( -334  13  -40  )
( 86  -27  153  )
( 330  -45  249  )
( -78  -174  348  )
( -13  -21  -310  )
( -335  54  -53  )
( 226  -154  281  )
( -29  148  -72  )
( -293  -319  -139  )
( -251  309  83  )
( -342  -273  -246  )
( 261  6  283  )
( -236  187  293  )
( -255  -48  105  )
( 163  -255  228  )
( 160  -111  -227  )
( 319  -329  -85  )
( 5  38  22  )
( -215  -112  47  )
( -322  -10  -94  )
( -121  2  234  )
( 175  -219  25  )
( 215  8  -260  )
( 188  137  294  )
( -188  124  -275  )
( 97  -222  -25  )
( 65  154  -272  )
( 37  24  341  )
( -70  210  73  )
( -163  217  -146  )
( -235  -203  180  )
( -231  222  -35  )
( 20  -237  -142  )
( 295  -210  -25  )
( 178  -104  151  )
( 141  -333  261  )
( 211  57  216  )
( 134  288  81  )
( -30  -6  -26  )
( 210  52  98  )
( -219  207  179  )
( -0  -274  7  )
( -293  10  -9  )
( -137  -328  37  )
( 110  228  -216  )
( -304  138  50  )
( 43  -240  -324  )
( 218  206  -268  )
( 345  204  -270  )
( 119  47  84  )
( -310  87  -293  )
( -163  96  -217  )
( -308  307  -179  )
( 154  93  -137  )
( 231  -189  -322  )
( -38  -195  17  )
( -218  128  167  )
( -64  -326  -144  )
( -50  152  272  )
( -191  152  -131  )
( -171  302  -241  )
( -89  332  -330  )
( -171  -162  22  )
( 287  -305  -326  )
( -155  200  81  )
( -158  -3  46  )
( 336  18  243  )
( -18  12  291  )
( -222  144  -216  )
( 269  -326  3  )
( -242  -215  342  )
( -35  -38  -13  )
( -61  223  -86  )
( -320  257  54  )
( 302  282  292  )
( -274  141  33  )
( 137  132  194  )
( -41  156  344  )
( -250  -198  207  )
( 261  108  -173  )
( -93  -227  20  )
( 166  145  42  )
( 231  -343  229  )
( -161  226  101  )
( 27  180  331  )
( -124  328  -280  )
( -226  225  -71  )
( 347  206  212  )
( 196  330  222  )
( -287  91  201  )
( 295  85  -303  )
( 278  50  -151  )
( 187  -76  18  )
( 182  -99  -281  )
( 344  -267  150  )
( -139  -48  93  )
( -238  226  -191  )
( 157  -63  -323  )
( 23  86  177  )
( -234  19  -274  )
( -306  68  -72  )
( 260  173  -127  )
( 289  48  -144  )
( -133  -19  -124  )
( 203  -327  -101  )
( -107  272  155  )
( -109  142  -62  )
( 67  348  -127  )
( 52  0  327  )
( -344  308  19  )
( -91  -152  259  )
( -74  196  -271  )
( 143  -212  297  )
( 210  69  -206  )
( 29  51  18  )
( 49  -68  253  )
( -31  -282  248  )
( -180  331  -32  )
( -295  38  107  )
( -248  -213  -241  )
( 178  79  -137  )
( -107  319  283  )
( 60  138  206  )
( 156  301  213  )
( 38  129  40  )
( -288  -255  -69  )
( -117  -309  -286  )
( 277  117  -200  )
( 331  44  -177  )
( 85  -170  -318  )
( 81  268  132  )
( -321  -180  97  )
( -0  -294  308  )
( -102  -252  278  )
( -50  140  161  )
( 221  -40  -61  )
( 113  283  -11  )
( 346  -224  -43  )
( -281  254  4  )
( -334  113  15  )
( 232  298  -342  )
( -136  -138  -154  )
( 232  109  -218  )
( 53  -299  70  )
( -61  -235  145  )
( 216  166  193  )
( 267  244  -2  )
( 239  308  -304  )
( 55  -298  18  )
( 173  275  -314  )
( -143  266  3  )
( 141  121  -125  )
( 119  -315  -287  )
( 203  213  78  )
( -223  140  210  )
( -103  282  298  )
( 291  -245  -78  )
( -183  29  -38  )
( 14  -84  -36  )
( -301  282  304  )
( -213  -157  235  )
( -287  -38  195  )
( -258  -134  -248  )
( 281  -17  257  )
( 161  -68  126  )
( 127  -107  233  )
( 264  170  -345  )
( -203  -236  -59  )
( 72  -274  -221  )
( 159  -340  107  )
( 252  253  84  )
( 327  -153  325  )
( 28  -227  -296  )
( -113  -86  -288  )
( 298  193  286  )
( -104  -86  241  )
( -185  -273  -55  )
( 291  114  -292  )
( -310  -215  -139  )
( 304  62  300  )
( 122  53  162  )
( 59  250  299  )
( 97  -336  -168  )
( 189  269  -30  )
( -290  -74  -78  )
( 31  -104  -22  )
( -36  339  -174  )
( 190  -119  -140  )
( -105  221  -120  )
( -203  105  154  )
( -251  164  279  )
( -194  67  -309  )
( 15  65  -49  )
( -250  -112  -288  )
( -345  -155  -221  )
( 337  43  -242  )
( -270  -9  305  )
( 244  104  -155  )
( 195  -46  17  )
( -343  227  -294  )
( 98  -66  162  )
( 135  73  44  )
( -245  221  -235  )
( -302  233  -249  )
( -334  -133  47  )
( 83  -24  -180  )
( -305  -183  287  )
( 76  -286  131  )
( 192  174  -329  )
( -69  -296  255  )
( 114  187  100  )
( -53  -226  -72  )
( 179  232  -20  )
( 205  -113  -243  )
( -123  244  242  )
( 35  -230  187  )
( -292  -285  159  )
( 234  -316  82  )
( -318  127  -195  )
( 154  -93  27  )
( 38  -303  -299  )
( -106  -80  94  )
( -24  15  302  )
( 34  30  -319  )
( 247  252  187  )
( -91  170  -305  )
( -314  -270  -245  )
( -73  101  -184  )
( -133  -51  -7  )
( 108  -288  -157  )
( -88  323  -165  )
( -193  145  265  )
( -172  66  -113  )
( 265  -117  -103  )
( 346  -103  -56  )
( 24  -329  27  )
( 27  -138  -234  )
( -220  -333  -133  )
( 281  -274  -82  )
( 107  -299  -259  )
( 44  -320  329  )
( 215  57  -227  )
( 73  -335  47  )
( 158  268  225  )
( -278  -177  -185  )
( -46  -139  174  )
( -107  321  146  )
( 70  -253  104  )
( 147  -197  169  )
( -193  210  -317  )
( -215  -142  -202  )
( 15  50  -94  )
( 223  332  -131  )
( -348  199  -302  )
( 144  -306  298  )
( -324  -165  -309  )
( -152  258  -226  )
( 220  142  -259  )
( 225  -12  -293  )
( 2  -38  94  )
( -185  285  142  )
( 28  -89  -205  )
( -317  -189  325  )
( 103  -259  -121  )
( 69  -4  66  )
( 158  -300  122  )
( -220  -290  79  )
( 240  256  -28  )
( -132  211  221  )
( 14  -37  -326  )
( 28  51  39  )
( 216  43  162  )
( -127  170  53  )
( 232  -59  -81  )
( -75  -255  157  )
( 311  156  189  )
( 55  -150  179  )
( -329  -244  147  )
( -112  -329  -186  )
( 85  -271  39  )
( -54  73  -123  )
( 342  -256  35  )
( -293  334  88  )
( -241  341  -283  )
( -197  142  -103  )
( -213  288  305  )
( 339  -55  215  )
( 9  299  -313  )
( 274  311  211  )
( -182  -26  -123  )
( -105  76  121  )
( 268  -304  -207  )
( -337  -19  141  )
( -172  149  -210  )
( -86  -128  255  )
( -291  -251  -285  )
( 151  -277  -105  )
( -20  87  262  )
( 215  60  -10  )
( 38  -215  45  )
( 281  234  -215  )
( -138  -65  123  )
( 188  40  -39  )
( -284  151  -25  )
( 171  -336  335  )
( 237  -191  317  )
( 191  -196  -92  )
( 32  200  312  )
( -288  -40  -231  )
( 333  328  336  )
( -165  -25  344  )
( 143  34  -321  )
( 42  -261  -309  )
( -25  -71  -76  )
( -253  266  -251  )
( -202  -240  20  )
( -209  -340  -158  )
( 276  201  -200  )
( -281  -52  -271  )
( 123  -83  -251  )
( -28  -245  88  )
( 233  -194  -258  )
( -243  26  -8  )
( -135  112  63  )
( -292  114  -298  )
( 168  -14  -115  )
( -51  -125  164  )
( 218  54  -268  )
( -156  140  -221  )
( -326  112  136  )
( -205  -148  333  )
( 185  306  -190  )
( -45  -181  -286  )
( -151  133  -307  )
( -259  202  237  )
( 8  259  -103  )
( 334  -93  -295  )
( -331  87  104  )
( 284  -280  -262  )
( -9  -105  279  )
( -66  -13  47  )
( -166  -262  142  )
( 227  -77  129  )
( 106  -195  -32  )
( 184  257  -259  )
( 75  70  -79  )
( 154  230  -162  )
( -106  -121  29  )
( -257  170  142  )
( -120  340  -335  )
( -112  -197  119  )
( 24  -329  25  )
( -256  -258  -123  )
( 211  -175  -136  )
( -182  -105  250  )
( -137  271  -213  )
( -112  -149  35  )
( 138  -105  -261  )
( 216  94  -291  )
( 36  -116  -143  )
( 133  -112  -201  )
( -56  45  277  )
( 282  -161  237  )
( 66  -13  -177  )
( -218  -303  -89  )
( -258  -21  188  )
( -97  214  290  )
( -124  54  -206  )
( -327  -245  -287  )
( -225  -183  -323  )
( 245  119  294  )
( 266  -120  -329  )
( -11  -270  300  )
( 132  24  -16  )
( 313  149  301  )
( 342  -348  215  )
( -248  -47  302  )
( -345  48  -158  )
( -292  -337  269  )
( -256  97  -247  )
( 196  193  53  )
( 229  -268  -77  )
( -247  -252  320  )
( 99  326  94  )
( -255  -307  219  )
( 176  -106  86  )
( -161  -185  158  )
( -270  58  -325  )
( -205  112  -123  )
( -264  -271  -300  )
( -87  -40  -119  )
( -267  -312  297  )
( 96  169  -335  )
( -211  340  -293  )
( 293  -8  -242  )
( -247  -63  296  )
( -2  -326  55  )
( 298  21  -291  )
( -118  77  -111  )
( 110  -69  -112  )
( 343  -160  28  )
( 231  -283  112  )
( 223  -82  -185  )
( 174  215  -279  )
( -26  48  287  )
( 170  -49  -51  )
( -96  145  -331  )
( 66  279  -231  )
( -293  134  56  )
( 103  201  -307  )
( -107  314  -71  )
( 16  -236  -7  )
( 95  148  -227  )
( -128  171  140  )
( -144  -107  -286  )
( -7  -180  -96  )
( 203  -257  -40  )
( -116  -316  256  )
( -262  318  -321  )
( -5  -341  -249  )
( 135  231  124  )
( 12  48  152  )
( -96  117  169  )
( -292  -53  60  )
( -43  170  189  )
( 158  289  -179  )
( 341  -220  332  )
( 245  228  221  )
( -307  87  -119  )
( -276  207  105  )
( 82  -91  200  )
( -209  -264  269  )
( 319  -80  39  )
( -166  150  310  )
( -193  332  -13  )
( -106  317  38  )
( -220  18  -128  )
( 307  -26  -67  )
( -271  -59  -307  )
( -176  343  339  )
( -138  143  149  )
( 257  -207  211  )
( -254  36  114  )
( -171  -230  -273  )
( -336  -56  -222  )
( -128  -240  -104  )
( 253  -65  -15  )
( 269  161  -272  )
( -278  -243  251  )
( 116  -320  -197  )
( 238  -343  -121  )
( 0  14  -83  )
( -213  -93  215  )
( -155  -19  160  )
( -218  140  314  )
( -260  -340  -345  )
( 247  292  -26  )
( 92  -256  18  )
( 343  -170  295  )
( 78  -44  154  )
( 68  -320  -283  )
( 209  -37  -220  )
( -125  -223  90  )
( 156  188  35  )
( -33  6  -68  )
( -99  -272  38  )
( 258  282  -105  )
( 338  -270  3  )
( -73  85  37  )
( 150  -94  -154  )
( 130  -321  -239  )
( 12  203  105  )
( 337  129  -286  )
( -46  315  126  )
( 208  -188  61  )
( 349  298  -335  )
( 52  -12  -272  )
( -182  -140  -222  )
( -276  -61  -208  )
( -154  65  63  )
( -259  -160  229  )
( 177  -230  115  )
( 289  -217  -260  )
( 54  -7  152  )
( -14  -149  -228  )
( -319  -192  -155  )
( -77  24  -315  )
( -316  20  150  )
( 208  65  275  )
( -14  44  -36  )
( -56  -328  255  )
( -124  299  -183  )
( 155  -97  -109  )
( -332  -277  -305  )
( 281  43  263  )
( -262  -280  -119  )
( -183  44  -42  )
( 55  212  -334  )
( 281  193  108  )
( 344  27  -259  )
( 1  17  231  )
( -53  5  347  )
( 144  -59  10  )
( 8  -85  299  )
( 212  287  -86  )
( -220  153  242  )
( -70  -63  278  )
( 61  280  139  )
( -234  -118  -99  )
( 150  -108  46  )
( 23  93  -344  )
( -274  1  -346  )
( 117  222  -84  )
( 293  138  173  )
( -206  -177  23  )
( -312  266  286  )
( 100  253  235  )
( 171  -76  1  )
( -206  -160  332  )
( 37  146  -78  )
( -341  -348  -317  )
( -29  -328  173  )
( 279  -31  -58  )
( 144  -348  43  )
( -206  239  -281  )
( -173  70  250  )
( 309  -20  166  )
( 144  -229  255  )
( 339  56  268  )
( 91  -24  -149  )
( -9  109  -105  )
( -74  153  -100  )
( -127  136  94  )
( -172  -260  -103  )
( 132  -246  257  )
( -290  264  -112  )
( -208  -333  151  )
( -342  340  182  )
( 71  282  -207  )
( 310  -258  -113  )
( -300  -161  212  )
( 247  317  321  )
( -158  133  148  )
( -163  13  225  )
( 251  -309  -194  )
( 7  113  96  )
( 40  317  147  )
( -91  -303  -19  )
( -261  -248  28  )
( 277  97  110  )
( 207  -192  338  )
( 91  53  345  )
( 254  -75  -314  )
( -68  -63  121  )
( 314  -131  123  )
( -213  51  271  )
( 340  -120  -321  )
( 229  -241  318  )
( -71  148  -210  )
( 324  326  -321  )
( 311  -222  -303  )
( 133  -71  230  )
( 319  -40  -325  )
( 223  -124  28  )
( -74  323  -132  )
( 201  301  68  )
( -303  85  -295  )
( 83  291  175  )
( 120  -349  176  )
( -64  84  82  )
( 169  -252  -37  )
( -14  -272  308  )
( -207  -270  233  )
( 334  -151  -16  )
( 131  243  104  )
( 168  143  -16  )
( 316  -153  -190  )
( -249  96  -340  )
( -257  -217  -224  )
( 34  -115  225  )
( 21  136  -108  )
( 56  -287  13  )
( 2  293  164  )
( -234  -48  207  )
( -68  -326  30  )
( -349  61  -124  )
( -332  -103  -255  )
( -89  323  -175  )
( -175  254  121  )
( 94  -5  -179  )
( -62  -347  -210  )
( 49  -92  312  )
( 116  -245  301  )
( 273  -101  -91  )
( -329  198  -124  )
( -221  -176  -253  )
( -92  -278  -322  )
( 281  -88  265  )
( 157  -287  -8  )
( -98  316  33  )
( -74  -66  -198  )
( -144  -245  63  )
( -266  158  246  )
( -53  200  -68  )
( -321  -253  278  )
( -131  132  343  )
( 69  80  325  )
( -97  -203  145  )
( 199  -329  -344  )
( -294  -188  201  )
( -83  -300  322  )
( -301  -26  -184  )
( -112  247  141  )
( -316  -155  -282  )
( 16  -190  -7  )
( -104  -226  49  )
( -341  -277  44  )
( -273  20  -321  )
( -20  -256  32  )
( -246  -108  320  )
( 211  -229  -213  )
( -135  -132  -131  )
( -345  -162  259  )
( -0  -101  -294  )
( 251  159  -263  )
( -78  -49  -90  )
( -335  104  -219  )
( -64  -128  -213  )
( -19  -100  -139  )
( 198  -111  -116  )
( -84  137  -228  )
( 89  314  164  )
( 285  157  -30  )
( 181  119  -132  )
( 103  24  -179  )
( -335  187  342  )
( -336  -96  168  )
( 6  -204  0  )
( -60  215  242  )
( 274  -327  116  )
( 66  -342  36  )
( 34  320  223  )
( -317  -159  303  )
( 70  -233  -128  )
( -232  -260  -306  )
( 226  -149  250  )
( -159  56  146  )
( -95  -136  194  )
( 92  78  -129  )
( 291  -41  192  )
( -177  236  178  )
( -147  -288  303  )
( -284  285  142  )
( 65  275  -136  )
( 197  -25  335  )
( -112  146  -295  )
( -256  -20  135  )
( -305  -39  -82  )
( 113  3  32  )
( -38  277  -27  )
( -146  -254  153  )
( 300  -221  172  )
( 58  232  108  )
( -155  -152  133  )
( -63  31  -137  )
( -116  -136  255  )
( -236  204  56  )
( 213  26  263  )
( -203  -86  -326  )
( -274  67  134  )
( -215  -212  329  )
( -209  261  -229  )
( -325  -272  278  )
( -60  -183  -349  )
( 301  -206  -62  )
( -16  -310  269  )
( -140  -246  -188  )
( 66  -168  -250  )
( -339  308  7  )
( -121  267  -340  )
( 320  106  -237  )
( -134  93  -71  )
( 23  244  232  )
( -44  -322  249  )
( 45  300  226  )
( -175  -116  24  )
( 335  214  -45  )
( -139  -322  -303  )
( 316  -109  -143  )
( 264  -27  244  )
( -243  207  -93  )
( 250  110  288  )
( 88  189  120  )
( -342  -110  -336  )
( -263  -166  -224  )
( 265  -302  294  )
( -330  217  -148  )
( 280  268  299  )
( -305  117  -165  )
( -244  343  123  )
( 164  88  251  )
( -233  -193  23  )
( 335  -206  188  )
( -18  -347  328  )
( 347  -212  277  )
( -283  158  -161  )
( 241  309  118  )
( 324  -170  42  )
( -164  73  10  )
( 146  -130  147  )
( -231  -43  -132  )
( -162  -277  40  )
( -142  -287  168  )
( -343  -40  186  )
