( 161  132  -28  )
( 19  189  -76  )
( -157  -95  100  )
( 178  176  12  )
( -155  77  -13  )
( 210  151  -134  )
( 94  -170  243  )
( -202  75  -109  )
( -195  -7  160  )
( 68  -160  -1  )
( -183  201  98  )
( -25  162  159  )
( 47  138  -89  )
( 244  107  236  )
( 160  97  -229  )
( 189  19  249  )
( -49  -149  -197  )
( 86  -31  -165  )
( -204  117  -60  )
( -208  0  -184  )
( 178  59  48  )
( -207  -212  136  )
( 52  -29  -151  )
( 218  -21  -42  )
( -218  -244  38  )
( 214  71  0  )
( -157  -86  -21  )
( 149  -14  -146  )
( 174  -64  -199  )
( -150  31  208  )
( -55  -44  -198  )
( -1  237  196  )
( 59  58  -214  )
( 66  75  88  )
( -194  236  -178  )
( 130  -28  -145  )
( -61  81  29  )
( -88  -205  -128  )
( 43  101  61  )
( 13  -224  -152  )
( 41  27  181  )
( 72  -190  21  )
( -77  147  100  )
( 87  -39  16  )
( 140  177  112  )
( -123  -226  -178  )
( -52  77  -142  )
( 209  118  92  )
( 175  -230  -52  )
( 133  -37  108  )
( -215  31  50  )
( 195  63  -43  )
( -243  -8  -126  )
( -23  152  195  )
( 42  -177  206  )
( 153  -118  238  )
( 17  -40  210  )
( 47  70  -136  )
( 64  -24  -56  )
( -113  -205  -59  )
( 189  154  49  )
( -210  195  -152  )
( 175  -119  -212  )
( -131  129  24  )
( 80  240  -53  )
( -168  5  -136  )
( -236  227  -167  )
( 113  54  -133  )
( 161  95  -44  )
( -163  53  249  )
( -48  -157  249  )
( -73  -233  24  )
( -176  -39  -135  )
( 55  -136  -69  )
( 99  -171  -73  )
( 62  -28  -246  )
( 145  9  -51  )
( 135  -116  -164  )
( -61  -119  219  )
( -237  -9  -55  )
( -182  11  196  )
( 226  -221  238  )
( -220  102  -19  )
( 240  -168  -95  )
( -191  74  -103  )
( 231  114  40  )
( -245  -51  242  )
( 219  192  168  )
( -76  82  1  )
( -102  -6  -88  )
( -99  -143  29  )
( 149  -2  245  )
( -128  225  53  )
( 77  156  132  )
( 81  -219  -239  )
( 246  232  39  )
( -55  -77  -211  )
( -129  -218  -2  )
( 15  222  -55  )
( -139  -136  -122  )
( 101  -10  197  )
( -167  -111  -17  )
( 26  66  -233  )
( -177  110  210  )
( -71  -182  249  )
( 171  -38  -126  )
( -53  9  -49  )
( 210  177  5  )
( 211  -39  47  )
( -186  -60  119  )
( 196  67  78  )
( -150  -7  69  )
( -118  -35  222  )
( -78  28  -0  )
( 64  -163  51  )
( -175  -214  -178  )
( -188  -141  -96  )
( -89  -28  205  )
( 114  -55  73  )
( -180  20  -71  )
( 129  -234  95  )
( 184  -161  -121  )
( 177  -231  -33  )
( 205  -230  -103  )
( 26  93  12  )
( -85  -114  214  )
( -215  202  224  )
( 75  93  -167  )
( -209  -246  86  )
( 181  197  -55  )
( 25  167  -119  )
( 36  177  5  )
( 205  216  -92  )
( -170  87  -145  )
( -128  62  -30  )
( 166  126  71  )
( 131  -8  51  )
( 233  19  149  )
( 78  36  -118  )
( 113  151  95  )
( -81  20  -242  )
( 116  178  -186  )
( -219  61  38  )
( 53  -31  111  )
( 17  -187  -1  )
( -91  246  100  )
( -198  42  -188  )
( -68  71  161  )
( -103  -158  -200  )
( -159  -15  29  )
( 216  -133  193  )
( 117  -129  36  )
( 95  -240  -176  )
( -16  -126  237  )
( -45  -12  230  )
( 192  157  16  )
( -229  -53  -175  )
( 239  242  -46  )
( 219  -170  -87  )
( -201  194  -244  )
( -19  199  -95  )
( -138  50  210  )
( -90  -15  196  )
( -145  -224  186  )
( 170  25  -214  )
( 232  -30  98  )
( 80  -51  35  )
( 142  24  -180  )
( 38  111  246  )
( -233  168  112  )
( -114  197  26  )
( 130  -165  -211  )
( 21  18  -112  )
( 239  -208  63  )
( -155  -127  40  )
( 90  219  77  )
( 72  32  -244  )
( -109  -187  -186  )
( -225  -163  -34  )
( 150  -36  148  )
( -81  171  -245  )
( 149  154  241  )
( 227  9  15  )
( -133  239  66  )
( -52  -3  29  )
( -142  -245  -71  )
( 50  212  223  )
( -93  -144  68  )
( -24  242  -55  )
( -47  -243  -48  )
( 181  84  113  )
( 213  245  -149  )
( 185  -192  -34  )
( 212  -96  -66  )
( 179  106  193  )
( 176  -39  -86  )
( -233  149  192  )
( 40  132  -236  )
( -55  -99  -147  )
( -241  -141  -204  )
( -42  -189  -48  )
( -74  -246  75  )
( -55  139  141  )
( -118  -133  -149  )
( -178  -155  -20  )
( -68  84  22  )
( -185  20  -134  )
( 15  158  84  )
( 151  -180  98  )
( -28  -15  123  )
( 189  151  -35  )
( 84  139  -186  )
( -54  174  193  )
( -68  -151  -189  )
( -89  -1  -4  )
( -145  46  -147  )
( 224  -227  143  )
( 80  239  90  )
( 185  128  -230  )
( 14  111  -205  )
( -183  -102  -248  )
( -46  -248  -127  )
( 37  117  165  )
( 3  191  -249  )
( 48  -71  -91  )
( 115  -145  205  )
( -245  -216  153  )
( 227  106  113  )
( 133  -205  82  )
( 50  106  -128  )
( 220  1  -47  )
( -176  191  202  )
( -85  -166  -236  )
( 111  49  95  )
( -215  60  202  )
( -2  -76  -138  )
( -101  103  -66  )
( 148  73  -172  )
( -82  212  -61  )
( 31  -204  208  )
( 86  -152  178  )
( -32  -103  37  )
( -92  84  -169  )
( -43  56  -133  )
( -111  222  176  )
( 170  56  61  )
( -148  65  123  )
( -244  144  -224  )
( -43  90  -230  )
( 116  -227  152  )
( 244  119  228  )
( -208  -8  108  )
( -84  51  -38  )
( -205  143  -22  )
( -20  -53  215  )
( 11  20  -118  )
( -53  -155  29  )
( 75  -243  -178  )
( -84  78  -172  )
( -205  -227  120  )
( -33  -136  110  )
( -205  -97  -154  )
( -89  -212  -116  )
( -192  -4  -23  )
( 249  190  248  )
( -185  -208  -100  )
( 236  161  114  )
( -204  -41  93  )
( -147  218  70  )
( 1  -153  -2  )
( 52  139  -15  )
( 109  -110  153  )
( -92  -32  211  )
( -246  38  -247  )
( -64  226  -56  )
( -216  50  240  )
( 59  -243  191  )
( -244  38  184  )
( 229  -32  -148  )
( 109  -28  -82  )
( -71  178  -169  )
( 69  -49  14  )
( 48  122  156  )
( -138  96  -139  )
( 221  -73  159  )
( -199  79  -44  )
( -156  52  -76  )
( -143  -171  -45  )
( -4  -222  108  )
( -120  45  244  )
( 107  -20  196  )
( 73  168  215  )
( 158  241  -189  )
( -204  -180  58  )
( 124  15  31  )
( 102  -221  158  )
( 220  164  40  )
( -249  -242  -228  )
( -189  212  -116  )
( -46  3  154  )
( -111  197  -47  )
( 62  -146  -155  )
( -244  -35  -2  )
( 2  32  196  )
( 8  -231  -5  )
( 239  172  -102  )
( 215  -159  -200  )
( 176  -103  72  )
( 149  -192  92  )
( 191  -198  -195  )
( -86  -147  -116  )
( 222  -245  61  )
( -9  -174  -144  )
( 216  127  -37  )
( -26  -132  -124  )
( -24  121  -79  )
( 28  157  -113  )
( -177  52  -148  )
( 86  99  61  )
( 16  161  -217  )
( -211  -55  146  )
( -68  173  -74  )
( 142  191  -46  )
( 69  16  216  )
( -140  -219  -227  )
( -56  -121  146  )
( -248  -14  -54  )
( 105  43  3  )
( 84  37  -76  )
( -27  -129  -116  )
( 193  -89  179  )
( -26  180  -77  )
( 192  161  210  )
( 134  199  -119  )
( -33  -36  -162  )
( 68  85  -67  )
( -233  213  201  )
( 133  -192  -37  )
( -47  -38  203  )
( 114  -236  239  )
( 217  65  50  )
( 100  134  -232  )
( 132  229  -190  )
( -234  -228  165  )
( 228  -33  120  )
( 195  11  189  )
( 234  -32  147  )
( -37  89  116  )
( -242  138  -194  )
( 222  157  -185  )
( -184  -23  -229  )
( 76  -84  -180  )
( 144  -8  178  )
( -243  172  -124  )
( -6  209  57  )
( 39  -242  -171  )
( 161  154  -93  )
( -112  -242  117  )
( 163  -56  203  )
( -135  -21  -233  )
( -188  3  -21  )
( -125  11  -139  )
( 226  206  97  )
( 205  -96  247  )
( -10  -82  159  )
( 32  130  -81  )
( 216  4  143  )
( 65  213  215  )
( 87  -68  158  )
( -65  42  189  )
( -25  19  -200  )
( -26  36  -152  )
( -213  32  -220  )
( 62  34  134  )
( -223  -219  -77  )
( -215  183  227  )
( 246  -62  -154  )
( 104  -5  -210  )
( 223  196  171  )
( -168  163  -178  )
( 73  142  162  )
( -227  84  8  )
( 207  -33  32  )
( 215  -227  -89  )
( -135  -245  37  )
( -26  -79  -93  )
( 227  105  248  )
( 194  -145  -177  )
( 188  -102  -28  )
( -92  116  82  )
( -228  17  -236  )
( 104  -82  -235  )
( 223  -199  101  )
( 223  -44  55  )
( 204  -128  -170  )
( -198  -122  -30  )
( -238  122  -61  )
( 78  -47  242  )
( -242  159  67  )
( 152  32  -72  )
( -244  121  -153  )
( 13  -112  -39  )
( 215  161  17  )
( 214  57  -96  )
( 3  163  -35  )
( 248  -87  31  )
( 157  -69  -224  )
( 69  -18  33  )
( -164  19  -153  )
( 244  -13  162  )
( 189  -128  114  )
( 97  -16  49  )
( -22  82  -215  )
( 189  194  -120  )
( 238  119  -31  )
( 94  -172  76  )
( -51  -152  -31  )
( -203  -86  247  )
( 191  -85  -86  )
( 121  -147  70  )
( 195  125  -136  )
( 10  144  -101  )
( -110  -174  34  )
( -153  2  30  )
( -116  237  -205  )
( 247  167  173  )
( 122  25  43  )
( 245  11  226  )
( -187  21  132  )
( -159  246  73  )
( 74  -87  219  )
( -24  96  210  )
( 140  -89  199  )
( -144  65  -182  )
( -223  -29  47  )
( -126  -80  -91  )
( 203  -144  -7  )
( 249  19  -18  )
( -20  -107  -234  )
( -169  -126  -12  )
( 245  -123  138  )
( -209  -48  247  )
( -72  65  190  )
( 82  -249  -190  )
( -62  170  12  )
( -226  31  -249  )
( -211  204  4  )
( -105  -189  11  )
( -214  -114  137  )
( -115  224  -186  )
( 96  -100  89  )
( 66  53  207  )
( -198  102  12  )
( -4  -22  174  )
( -178  -96  111  )
( -142  47  -207  )
( -229  233  -102  )
( -208  -231  220  )
( 48  -108  216  )
( 9  85  86  )
( 118  123  -173  )
( 199  214  -99  )
( 131  108  -141  )
( -49  -37  225  )
( -75  -66  -230  )
( -73  100  -49  )
( -141  -88  -11  )
( -29  122  -146  )
( 61  -79  -58  )
( -227  107  -120  )
( 33  -174  114  )
( 137  144  185  )
( 154  29  -139  )
( 140  -82  233  )
( 216  -177  35  )
( 145  74  -111  )
( 54  -156  -29  )
( -222  -227  34  )
( 36  -147  -25  )
( -249  15  107  )
( 23  -204  -24  )
( -39  -156  -46  )
( 150  -160  127  )
( -219  13  139  )
( 230  218  -19  )
( -198  221  -150  )
( 88  -57  99  )
( -67  -136  -20  )
( 139  4  -79  )
( 122  -6  229  )
( 77  -236  -87  )
( -109  -92  3  )
( -199  212  -206  )
( 82  53  -211  )
( 6  -229  -16  )
( -39  -236  57  )
( -67  249  177  )
( -63  -44  120  )
( 130  194  -26  )
( -122  151  229  )
( -58  215  -138  )
( -249  -145  -239  )
( 21  207  165  )
( 238  111  -64  )
( -109  -82  -192  )
( -59  -180  -247  )
( -123  203  54  )
( -166  221  -54  )
( -206  201  69  )
( 153  88  -175  )
( -75  113  -47  )
( 17  157  231  )
( 139  100  203  )
( 53  -102  -127  )
( 138  113  235  )
( -117  -30  79  )
( 175  216  -92  )
( 13  -152  -72  )
( -15  111  -130  )
( -180  -108  29  )
( -178  -183  226  )
( 218  145  186  )
( -55  -12  -178  )
( -98  140  -132  )
( 240  -96  12  )
( 5  208  -132  )
( -178  207  138  )
( -212  103  -24  )
( -47  31  25  )
( 249  157  -21  )
( -92  240  75  )
( 108  21  130  )
( 76  -82  103  )
( 154  249  124  )
( 82  110  -81  )
( -137  -185  211  )
( 153  107  16  )
( -85  -193  61  )
( 47  -72  45  )
( 102  -195  113  )
( 118  249  -52  )
( 16  107  -229  )
( -140  228  -77  )
( -219  62  -6  )
( 143  58  -245  )
( -49  8  -230  )
( 245  169  218  )
( 211  91  32  )
( -127  -36  195  )
( 141  -187  214  )
( -162  -160  -134  )
( 28  2  192  )
( 105  -189  213  )
( 152  -247  -119  )
( -207  38  56  )
( 134  165  -82  )
( 228  247  31  )
( -179  52  -56  )
( -208  148  119  )
( 38  220  234  )
( 174  -65  -112  )
( -182  -87  78  )
( -20  165  -156  )
( 216  -156  -232  )
( -190  -45  178  )
( 98  90  -236  )
( -64  142  -154  )
( -55  71  -120  )
( -236  -197  -183  )
( 224  -123  -34  )
( 208  -180  25  )
( 118  213  -231  )
( -171  -80  -183  )
( -113  -7  177  )
( 149  -16  -104  )
( 216  -37  -14  )
( 80  190  -201  )
( -177  20  54  )
( 146  -219  100  )
( -50  77  59  )
( 249  -67  -138  )
( -217  237  -26  )
( 247  -10  34  )
( -198  -63  -94  )
( -216  -80  156  )
( 225  -227  72  )
( 143  101  -103  )
( -242  238  179  )
( 85  -54  3  )
( 37  136  206  )
( -69  151  191  )
( 7  -69  125  )
( 128  -59  -31  )
( 232  -227  -30  )
( -25  109  47  )
( -205  -78  169  )
( 154  -210  -30  )
( 41  197  -155  )
( -47  44  -244  )
( 9  13  85  )
( -234  -209  -87  )
( 84  115  146  )
( -89  -164  139  )
( 62  -30  -36  )
( 85  -102  -3  )
( 37  82  -229  )
( 203  -112  -35  )
( 71  180  -80  )
( -124  165  96  )
( -181  -63  26  )
( 54  4  -152  )
( 232  -156  235  )
( 8  -131  178  )
( 150  62  65  )
( -79  106  20  )
( -131  -134  57  )
( -237  -220  60  )
( -225  195  221  )
( -242  -118  -109  )
( -170  -51  -58  )
( -58  -106  -60  )
( 229  -52  -236  )
( 164  68  -14  )
( 50  231  -247  )
( 172  176  23  )
( 151  113  -45  )
( -51  -59  -172  )
( 39  -232  142  )
( 104  18  167  )
( -224  4  -178  )
( 78  34  214  )
( 22  31  93  )
( -239  59  -241  )
( 70  -205  -194  )
( 37  -91  81  )
( -4  5  131  )
( 224  37  244  )
( -180  -15  191  )
( 12  181  17  )
( -8  -83  132  )
( 218  148  -205  )
( -225  103  -168  )
( 241  -38  -4  )
( -124  135  -240  )
( -115  -95  -159  )
( -68  -24  -144  )
( -95  -65  -6  )
( -62  -225  -159  )
( -94  -151  -17  )
( 63  -187  84  )
( -115  -36  -192  )
( -59  -117  77  )
( -218  -195  -53  )
( 113  77  98  )
( -228  143  -213  )
( -61  34  111  )
( -20  36  -243  )
( 11  109  -185  )
( -19  103  222  )
( -160  -88  -112  )
( -65  218  180  )
( -56  109  214  )
( 52  -89  -167  )
( -73  229  -76  )
( -91  -177  230  )
( -158  65  -236  )
( -42  -240  72  )
( -142  70  243  )
( 48  -174  -71  )
( -1  -95  -26  )
( 89  148  -99  )
( 180  -174  -39  )
( 162  21  88  )
( -139  -74  -37  )
( -190  -239  -122  )
( 108  -9  174  )
( -16  129  -19  )
( 237  30  138  )
( -137  -16  73  )
( -19  -237  -54  )
( 98  213  242  )
( 22  -186  -129  )
( -103  -159  -62  )
( 227  201  -147  )
( -242  215  -60  )
( 106  -132  -70  )
( 103  -227  -136  )
( -158  202  89  )
( 1  164  -142  )
( 84  215  101  )
( -130  95  205  )
( -39  166  45  )
( 189  -90  -238  )
( -219  -1  212  )
( -147  51  64  )
( -108  -122  -109  )
( 157  227  99  )
( 176  -164  -63  )
( -177  -247  -136  )
( 201  143  -71  )
( -101  -117  89  )
( -39  30  81  )
( 233  160  -32  )
( 64  -246  26  )
( -223  -172  182  )
( -152  38  86  )
( 44  152  -103  )
( -161  0  33  )
( -187  192  143  )
( 116  5  -224  )
( 51  -220  -242  )
( -166  -14  116  )
( 108  -139  27  )
( -123  128  76  )
( -114  -238  -25  )
( 196  47  -71  )
( 166  78  123  )
( 225  -17  -140  )
( -121  -84  -109  )
( 27  125  -65  )
( 191  -160  41  )
( -194  116  -96  )
( -131  -193  -149  )
( 219  -6  96  )
( 128  -123  -141  )
( 174  -197  -19  )
( 227  118  243  )
( -191  16  -102  )
( 70  -64  224  )
( -227  -248  46  )
( -77  21  76  )
( 166  52  -160  )
( -8  134  105  )
( -3  -38  245  )
( 202  212  -43  )
( 82  -173  -68  )
( -174  153  -245  )
( 64  -137  -172  )
( -1  197  8  )
( -112  149  -26  )
( 149  -201  -145  )
( 75  -56  3  )
( 249  -162  14  )
( -31  139  145  )
( 48  231  9  )
( -98  -22  -11  )
( 180  -178  123  )
( -3  -168  230  )
( 114  139  80  )
( 62  207  176  )
( -209  59  -116  )
( -119  183  -42  )
( 134  119  -215  )
( 87  -168  248  )
( 77  -131  115  )
( 213  204  60  )
( 28  151  -90  )
( 230  -42  232  )
( 116  54  121  )
( -67  -125  -0  )
( 107  -119  67  )
( -82  213  19  )
( -108  59  37  )
( -50  -111  182  )
( 181  -229  71  )
( -59  -135  201  )
( 165  -239  98  )
( 135  -215  -113  )
( 230  46  132  )
( 55  216  -48  )
( -156  -187  -51  )
( 19  -121  -112  )
( 198  191  -25  )
( 150  -210  147  )
( 35  58  -216  )
( 33  -20  -158  )
( -18  41  246  )
( 96  88  -172  )
( 65  -92  141  )
( -6  -195  150  )
( 221  -200  50  )
( 112  -151  193  )
( 234  2  -75  )
( 249  -185  91  )
( 242  -16  90  )
( -232  -148  96  )
( -117  137  -192  )
( -145  -128  175  )
( -221  -22  94  )
( -84  234  245  )
( 21  -43  -151  )
( 77  -174  -137  )
( -9  -96  -58  )
( 235  -77  -83  )
( 26  -68  -234  )
( 26  71  248  )
( 98  -232  61  )
( 57  7  -8  )
( -177  54  219  )
( 9  20  -98  )
( 97  240  -185  )
( -52  -59  211  )
( 117  -5  35  )
( -42  -226  -100  )
( 243  -166  -244  )
( 234  -169  109  )
( -6  47  70  )
( 144  32  -173  )
( -198  167  -104  )
( -199  -125  -231  )
( -93  178  -197  )
( -104  177  -46  )
( 122  -137  -61  )
( 59  -204  -180  )
( -214  -230  244  )
( -4  41  -163  )
( 147  -168  162  )
( 137  171  197  )
( -210  -148  14  )
( 198  -234  -134  )
( -221  -236  154  )
( 139  134  21  )
( -171  -93  -40  )
( 86  70  -131  )
( 33  114  -56  )
( 122  213  249  )
( 147  -194  -183  )
( 76  -66  -79  )
( -87  46  219  )
( -166  -57  -72  )
( 65  178  -181  )
( -229  198  -245  )
( -108  -31  -146  )
( 104  64  227  )
( -237  -134  188  )
( 227  150  14  )
( 208  -48  -236  )
( 106  162  174  )
( 171  211  236  )
( -114  185  54  )
( -118  -51  38  )
( 198  14  -226  )
( 81  -64  -219  )
( 136  143  45  )
( -115  191  236  )
( 234  -89  -70  )
( -156  241  -78  )
( 52  -101  148  )
( -185  47  20  )
( 97  205  127  )
( -206  -29  16  )
( -22  -24  46  )
( -219  139  -183  )
( 161  -137  -124  )
( -162  171  -74  )
( -203  -199  -168  )
( -111  -146  235  )
( 35  95  181  )
( 30  -148  -221  )
( -205  96  -4  )
( 238  -69  199  )
( 107  217  195  )
( 154  88  231  )
( 28  -195  -122  )
( 237  -207  -28  )
( -111  210  -170  )
( 160  115  -211  )
( 113  -108  129  )
( 149  -66  107  )
( -233  -166  -64  )
( 110  -187  74  )
( 182  45  73  )
( -5  79  117  )
( -95  62  206  )
( -45  149  -3  )
( -80  -47  -118  )
( -230  25  89  )
( -146  -19  191  )
( -141  -101  -175  )
( 12  -42  -78  )
( 236  -77  97  )
( 43  -239  -204  )
( 21  -234  137  )
( 143  204  -155  )
( -47  -146  190  )
( 22  85  77  )
( -67  -235  -139  )
( 238  -205  -156  )
( -57  -65  232  )
( 196  203  187  )
( 61  109  43  )
( -182  -209  143  )
( -16  -2  241  )
( 138  13  -190  )
( -124  156  20  )
( 113  158  -130  )
( -23  208  -225  )
( 85  -161  187  )
( 98  -10  86  )
( 180  -59  203  )
( 172  -147  -79  )
( 97  13  -159  )
( 222  27  216  )
( 215  155  64  )
( -67  113  155  )
( 12  229  -227  )
( 221  -174  87  )
( 159  -151  -19  )
( -23  118  155  )
( -144  63  97  )
( -61  -241  172  )
( 196  247  189  )
( -25  71  42  )
( 186  222  119  )
( 122  -20  234  )
( -121  -104  -65  )
( -60  -59  185  )
( -224  -12  108  )
( 134  -81  -239  )
( 242  -55  -116  )
( -67  -50  170  )
( 150  228  -176  )
( -112  -115  22  )
( -58  -190  -6  )
( 27  11  -164  )
( 227  189  -103  )
( -137  -109  -68  )
( -104  -238  48  )
( -127  -245  231  )
( -139  98  146  )
( 70  231  -40  )
( -7  161  220  )
( -243  -214  20  )
( -225  -60  -112  )
( -219  -43  -203  )
( -26  -131  72  )
( -93  -185  -170  )
( 154  64  6  )
( -21  242  55  )
( 182  176  -7  )
( 23  212  228  )
( 186  21  -221  )
( -122  -154  5  )
( 154  51  -111  )
( 151  195  -163  )
( 116  -228  180  )
( -186  91  -26  )
( -80  -69  -186  )
( -67  154  109  )
( -109  -36  -100  )
( 39  -93  -105  )
( 30  -172  40  )
( 217  -124  62  )
( 188  -59  -184  )
( 17  -18  127  )
( 185  -1  -111  )
( -36  -174  -136  )
( -24  123  -22  )
( 4  -67  133  )
( 187  -96  69  )
( -244  126  -59  )
( -58  -229  -198  )
( -115  209  -195  )
( 94  187  64  )
( -95  168  -43  )
( 7  131  136  )
( 212  -113  2  )
( -159  -2  96  )
( 37  -144  -170  )
( 54  168  209  )
( -44  17  135  )
( -5  -6  -135  )
( 178  231  14  )
( 167  191  138  )
( 192  -7  -225  )
( -59  60  148  )
( 166  53  24  )
( 123  140  -211  )
( 3  25  78  )
( -93  -139  82  )
( 171  -207  -63  )
( -29  144  3  )
( -121  -92  102  )
( 96  -213  108  )
( -96  -223  67  )
( 235  -131  222  )
( 207  -206  130  )
( 240  -181  18  )
( 62  -85  234  )
( 70  191  163  )
( -119  150  165  )
( -53  83  128  )
( -64  180  -146  )
( 206  -139  27  )
( 208  185  -19  )
( -47  -30  -26  )
( 177  92  -45  )
( -122  -216  -208  )
( -183  -198  202  )
( -114  -199  108  )
( 44  138  156  )
( 11  180  -60  )
( -108  0  -9  )
( -166  -20  49  )
( 209  98  -53  )
( 194  -212  35  )
( 85  -205  32  )
( 239  -161  -111  )
( -211  -188  145  )
( -20  -48  27  )
( -171  224  18  )
( -201  -64  4  )
( 217  234  58  )
( 72  -96  -167  )
( -18  -37  -87  )
( -108  38  -246  )
( -63  229  224  )
( 73  45  205  )
( -90  168  36  )
( -56  -194  76  )
( 92  -111  47  )
( 62  243  -209  )
( -121  140  63  )
( -80  205  -92  )
( -38  -69  -183  )
( -233  -216  202  )
( 145  122  195  )
( 16  48  189  )
( -169  -148  -225  )
( 44  248  -246  )
( -56  -183  109  )
( -190  -27  -216  )
( 117  -7  233  )
( 74  48  164  )
( -232  161  132  )
( -146  -15  234  )
( 5  -133  82  )
( 243  245  151  )
( -81  144  220  )
( 199  38  -17  )
( -179  55  199  )
( -19  39  68  )
( -78  177  249  )
( 249  243  -8  )
( -134  58  -26  )
( 131  158  27  )
( 36  -23  201  )
( -161  -18  -145  )
( -16  -106  -4  )
( -242  -60  238  )
( -142  9  -0  )
( 222  123  -228  )
( -184  123  33  )
( 172  -233  246  )
( -197  -97  -17  )
( 75  -53  -192  )
( -145  178  91  )
( -166  126  31  )
( 49  -232  -154  )
( -34  164  122  )
( 54  -35  167  )
( -26  177  -217  )
( -58  -17  -132  )
( -11  -241  -41  )
( -93  -107  -239  )
( 172  173  -136  )
( -139  144  135  )
