( -232  276  -106  )
( 155  -85  247  )
( -61  -18  -199  )
( -155  -239  15  )
( -103  -48  271  )
( 0  55  -6  )
( -230  -104  103  )
( -164  297  114  )
( -273  -65  63  )
( -248  -253  -44  )
( 244  9  274  )
( -112  -180  27  )
( 187  -133  62  )
( 95  -263  226  )
( -95  167  -128  )
( 166  -93  -254  )
( 252  31  281  )
( 221  38  -293  )
( 119  -188  -152  )
( -43  288  1  )
( -156  -246  -61  )
( 85  202  101  )
( -285  -298  183  )
( -203  -112  -61  )
( -39  269  25  )
( -144  -68  17  )
( 282  -298  -204  )
( 10  -288  155  )
( 3  81  -164  )
( -258  -261  -208  )
( 61  -172  283  )
( 112  -281  -127  )
( -171  6  9  )
( 88  204  -124  )
( -139  107  244  )
( 282  59  -100  )
( -75  -297  -175  )
( 252  -215  227  )
( -121  39  26  )
( -5  212  90  )
( -235  -1  -31  )
( -244  287  2  )
( -23  -275  -121  )
( 255  -271  251  )
( 3  -171  -84  )
( 83  10  -177  )
( -234  137  -221  )
( 97  165  -77  )
( 119  -50  -257  )
( -130  -123  276  )
( -256  130  -276  )
( -112  -159  14  )
( 102  -92  -191  )
( -122  -29  138  )
( -170  4  -44  )
( 120  75  208  )
( 147  293  -103  )
( -196  -287  149  )
( 277  100  -103  )
( 172  111  247  )
( -275  -162  -186  )
( 153  18  282  )
( -116  -41  -292  )
( 15  238  -227  )
( -270  80  1  )
( -166  -1  -178  )
( 293  232  88  )
( 212  -203  298  )
( 167  -179  -214  )
( -232  77  11  )
( -216  269  -44  )
( -22  156  263  )
( 36  -225  257  )
( -271  56  262  )
( 187  279  31  )
( 120  245  237  )
( -292  -72  -200  )
( -74  -44  -134  )
( -189  -259  -225  )
( -111  126  -222  )
( 268  -245  108  )
( 284  287  -140  )
( 267  -156  221  )
( -167  -32  175  )
( 23  -250  194  )
( -206  73  -260  )
( 48  145  94  )
( -86  275  -286  )
( 166  -117  136  )
( 236  131  -158  )
( 153  -144  51  )
( 31  -259  -183  )
( -265  95  78  )
( -196  -219  78  )
( 197  196  11  )
( -49  78  124  )
( 197  -185  -17  )
( 200  -5  8  )
( -58  29  -265  )
( 235  181  49  )
( 165  -127  -80  )
( -25  -2  216  )
( -120  60  -298  )
( 11  -91  189  )
( 171  -136  -52  )
( 56  203  -33  )
( 32  -125  -19  )
( -172  -67  60  )
( 111  -192  101  )
( 49  -183  -174  )
( -198  289  -20  )
( -166  122  -196  )
( 78  107  -171  )
( 162  -181  251  )
( 244  12  158  )
( 151  247  100  )
( -38  86  52  )
( -143  108  154  )
( -208  -228  -225  )
( -226  111  6  )
( -242  236  13  )
( -206  157  -156  )
( 6  22  275  )
( 252  119  126  )
( 143  32  98  )
( 31  -86  117  )
( -34  -37  -285  )
( 21  80  -283  )
( -34  -83  293  )
( 120  -265  273  )
( -215  -12  -280  )
( -289  137  166  )
( -18  40  -101  )
( 259  131  143  )
( 216  -164  -68  )
( -154  138  -100  )
( -278  182  24  )
( 250  198  -221  )
( 145  -130  -109  )
( 115  257  -95  )
( 180  -70  -153  )
( 219  -31  -196  )
( 163  -54  294  )
( 258  198  16  )
( 186  -283  293  )
( -77  -25  243  )
( 275  -135  -56  )
( -83  68  -234  )
( -259  245  239  )
( 4  -14  216  )
( 47  -158  79  )
( -198  290  63  )
( 297  -40  88  )
( 97  21  11  )
( -78  281  -131  )
( 57  -281  11  )
( -276  -284  -33  )
( -276  71  -264  )
( -50  284  -209  )
( 74  255  -249  )
( 95  53  283  )
( -109  -292  -227  )
( -217  -149  -51  )
( -285  124  -235  )
( 55  262  22  )
( -184  167  -266  )
( 215  -179  8  )
( -86  289  288  )
( -19  280  227  )
( -159  -97  286  )
( 129  44  -65  )
( -210  256  -91  )
( -259  -120  -128  )
( 166  161  149  )
( 251  -2  78  )
( -284  -240  -257  )
( -182  92  100  )
( -264  -192  -36  )
( 41  137  -175  )
( 135  2  278  )
( 60  -285  290  )
( -144  193  -207  )
( -241  -25  240  )
( 99  119  295  )
( 205  152  270  )
( -142  -117  66  )
( 18  139  253  )
( 26  -11  128  )
( -132  252  193  )
( 25  -294  273  )
( 178  2  12  )
( -242  46  -116  )
( -270  224  -136  )
( -166  -55  226  )
( 71  -254  -35  )
( 136  -269  48  )
( 267  -100  225  )
( 102  201  -25  )
( 194  -84  244  )
( 198  248  247  )
( -4  276  210  )
( -194  167  270  )
( -226  212  -49  )
( -198  -89  -299  )
( 42  -15  -121  )
( -174  102  190  )
( -111  -62  151  )
( -177  -31  90  )
( -153  -58  87  )
( 11  242  80  )
( 115  -14  -111  )
( 59  -71  -69  )
( -39  291  -2  )
( -26  -31  189  )
( -223  263  -14  )
( -266  -90  -170  )
( 175  -218  104  )
( -84  -216  231  )
( -24  159  -46  )
( -217  -109  266  )
( -292  -89  -7  )
( 4  -56  -64  )
( -59  39  225  )
( -134  -272  -61  )
( 119  190  -207  )
( 99  185  -130  )
( 136  23  176  )
( -241  -138  13  )
( -183  132  -73  )
( -68  199  -73  )
( -143  -114  -31  )
( 279  -227  -172  )
( -277  221  -139  )
( 110  255  -181  )
( -42  -251  212  )
( 29  199  200  )
( 262  -179  76  )
( -106  -87  251  )
( 57  231  61  )
( -235  161  188  )
( -112  263  172  )
( 77  223  -159  )
( 16  -172  0  )
( -144  97  22  )
( 88  212  -3  )
( -155  -46  -221  )
( -38  173  -147  )
( -21  -130  218  )
( 95  -176  172  )
( -30  5  -184  )
( 12  232  -145  )
( 209  -227  270  )
( 163  140  15  )
( 27  56  -257  )
( -170  178  -134  )
( 112  -236  -106  )
( 9  -113  55  )
( -295  239  -22  )
( -13  49  -166  )
( -270  -88  -231  )
( 153  -195  -221  )
( 104  -66  -1  )
( 129  90  161  )
( 29  124  44  )
( -5  -201  -68  )
( -176  -158  210  )
( 180  107  52  )
( 290  -5  111  )
( -95  263  -145  )
( -185  -41  213  )
( 88  46  225  )
( -192  34  126  )
( -104  255  -243  )
( 272  295  -100  )
( -216  152  193  )
( 246  105  -4  )
( -112  11  79  )
( -299  -231  110  )
( 84  74  -146  )
( 274  -108  213  )
( -32  149  231  )
( -2  262  290  )
( -194  148  -162  )
( -117  216  -178  )
( 278  -133  -148  )
( -299  77  168  )
( -172  59  -239  )
( -37  -15  -27  )
( -113  -274  -76  )
( -256  237  -274  )
( -293  -25  -286  )
( -106  147  193  )
( 244  -250  -239  )
( -14  189  9  )
( -69  -109  -284  )
( 156  -40  -150  )
( 190  -137  276  )
( 234  -297  -202  )
( 28  -40  121  )
( 125  188  108  )
( 142  -291  -28  )
( -132  120  -208  )
( 42  229  168  )
( -259  -51  166  )
( -24  -108  -9  )
( -96  221  72  )
( 37  283  -222  )
( 55  93  -273  )
( -170  58  0  )
( 160  103  87  )
( -196  -49  54  )
( -35  -277  128  )
( -272  75  210  )
( -296  -148  297  )
( -184  282  -133  )
( 163  -176  16  )
( 26  -271  -145  )
( 261  66  -159  )
( -270  44  -194  )
( 83  239  205  )
( 85  99  95  )
( -57  -51  -127  )
( -161  -85  -281  )
( -170  -238  213  )
( 137  225  95  )
( 231  -173  -237  )
( 228  17  -82  )
( 132  -213  -148  )
( 49  89  -116  )
( -152  -53  -19  )
( -135  152  297  )
( 138  291  -199  )
( 299  2  -192  )
( 42  200  -230  )
( 189  267  94  )
( -151  -3  203  )
( 10  169  55  )
( -93  220  -135  )
( 76  -251  -132  )
( 211  -177  207  )
( -185  -111  183  )
( 279  -15  215  )
( 224  102  47  )
( 166  86  84  )
( -37  34  -36  )
( 99  282  -111  )
( -231  121  -254  )
( -50  -70  75  )
( 18  75  -36  )
( -200  225  -150  )
( 12  -122  -270  )
( -12  -110  41  )
( 43  88  -46  )
( 71  -6  36  )
( 10  -265  68  )
( 1  224  205  )
( 245  -28  -140  )
( 159  103  -87  )
( 171  -114  -62  )
( -296  -291  -126  )
( -26  -47  69  )
( -291  107  142  )
( 89  201  137  )
( 9  -153  60  )
( -155  166  -16  )
( 288  93  -291  )
( -112  -47  -7  )
( -234  89  -105  )
( -195  -108  -257  )
( -244  -288  257  )
( -94  -140  -178  )
( -131  -219  -250  )
( 77  -269  42  )
( -2  179  287  )
( -92  156  -118  )
( -123  -279  -38  )
( 296  263  -91  )
( 122  229  -270  )
( 232  -59  29  )
( -155  -299  187  )
( -25  128  -80  )
( -125  11  -116  )
( -161  180  -272  )
( -155  99  60  )
( 278  -255  284  )
( 176  -246  -251  )
( 3  -207  -27  )
( -218  134  257  )
( -33  -146  90  )
( 141  254  -144  )
( 109  66  -50  )
( 275  -291  222  )
( -235  -237  105  )
( 74  -143  -63  )
( -246  -253  142  )
( 161  10  -126  )
( 95  -104  -208  )
( -76  58  159  )
( 116  -24  -160  )
( 139  255  228  )
( -214  82  -33  )
( -233  -133  259  )
( -38  195  -229  )
( -207  257  -195  )
( -186  257  -127  )
( -66  235  -45  )
( 287  256  -288  )
( -143  -89  -182  )
( -34  -298  168  )
( -9  -78  231  )
( 207  269  286  )
( -58  147  -41  )
( -29  -145  -148  )
( -241  -33  55  )
( 145  110  224  )
( -91  -190  75  )
( -278  -33  95  )
( -10  270  126  )
( 96  94  -99  )
( 183  -162  173  )
( 148  -43  -92  )
( 271  165  167  )
( 190  195  138  )
( -109  -196  177  )
( 49  46  53  )
( 194  151  181  )
( -57  181  164  )
( 10  80  -115  )
( 45  -75  -160  )
( -229  183  197  )
( 147  -88  47  )
( -153  257  89  )
( 229  -269  -133  )
( 57  -113  -144  )
( 269  54  -153  )
( -273  -5  -46  )
( 295  15  -85  )
( 38  -220  123  )
( 294  -36  -127  )
( -151  98  -68  )
( -28  15  254  )
( -110  -267  -135  )
( -39  -275  -290  )
( -56  -170  -218  )
( 124  -46  80  )
( 115  187  -144  )
( -119  295  63  )
( 12  -103  251  )
( 235  58  53  )
( 24  214  143  )
( 106  -12  -233  )
( 258  238  171  )
( 264  -10  -207  )
( -203  -37  69  )
( -115  31  -40  )
( -168  133  283  )
( -122  236  190  )
( -42  254  -129  )
( 231  241  270  )
( -3  -75  135  )
( -27  232  133  )
( -251  -113  -114  )
( 71  194  38  )
( -90  -208  12  )
( 244  54  194  )
( 292  233  138  )
( 71  32  -234  )
( -10  142  -287  )
( -158  -22  -165  )
( 55  123  -207  )
( 238  146  60  )
( -214  45  134  )
( 190  244  -120  )
( -125  -168  24  )
( -19  -9  -178  )
( 20  59  -82  )
( -58  -271  227  )
( 48  169  -236  )
( 150  148  0  )
( -288  192  216  )
( 247  172  128  )
( 253  -223  119  )
( -150  -186  20  )
( 155  99  150  )
( -176  -106  -294  )
( -209  -229  157  )
( -83  264  136  )
( 41  54  -252  )
( 44  -258  297  )
( -236  263  292  )
( 159  16  -187  )
( -296  -40  2  )
( 248  -188  -260  )
( 282  71  243  )
( 286  47  -281  )
( -214  -151  5  )
( 113  -166  -32  )
( -61  146  153  )
( 162  278  -51  )
( 100  -89  -164  )
( 277  253  147  )
( -205  -118  -21  )
( 266  99  -171  )
( 184  241  -53  )
( -258  -249  136  )
( 35  267  1  )
( -47  50  -13  )
( 161  -122  64  )
( -74  48  36  )
( 237  190  -25  )
( 98  -206  -207  )
( 67  -50  -96  )
( -21  -66  -201  )
( -42  0  147  )
( -297  74  -83  )
( -46  274  27  )
( -3  -74  53  )
( -259  -266  63  )
( 168  52  -294  )
( 10  128  -72  )
( -164  -60  -7  )
( 106  231  93  )
( 170  299  240  )
( -71  -257  -110  )
( -215  -253  42  )
( 151  254  263  )
( 207  179  164  )
( 117  63  -257  )
( 92  -59  -260  )
( -283  40  180  )
( -187  -206  -72  )
( -51  -271  158  )
( -15  -205  -9  )
( -105  -247  -163  )
( -57  -68  29  )
( -4  -141  -286  )
( -57  -53  15  )
( 2  -231  -197  )
( 290  -59  245  )
( -32  264  31  )
( -117  46  -153  )
( -64  100  -275  )
( -123  212  283  )
( -137  -155  159  )
( 62  -282  180  )
( 148  -68  -92  )
( 113  -290  47  )
( -11  -241  -120  )
( -182  -204  -160  )
( -26  259  -119  )
( -71  267  237  )
( 168  179  -149  )
( 25  -265  262  )
( -209  52  16  )
( -210  164  57  )
( -238  59  -49  )
( 112  -24  -255  )
( -274  -120  -151  )
( 51  279  296  )
( -265  -135  -236  )
( -33  -136  -161  )
( -238  -13  -280  )
( 265  -165  181  )
( 172  -247  245  )
( -299  -201  -184  )
( 46  136  -38  )
( -279  97  155  )
( 277  108  49  )
( 297  -294  -100  )
( -183  -69  98  )
( 17  128  231  )
( 222  -22  91  )
( -140  -44  136  )
( 98  -244  -93  )
( -292  -230  216  )
( 203  92  222  )
( -115  -225  -176  )
( 54  -11  280  )
( 266  -124  269  )
( -29  8  7  )
( -112  121  2  )
( 47  215  147  )
( -255  221  230  )
( 237  137  163  )
( 56  280  -11  )
( 147  175  -192  )
( -40  233  105  )
( 30  -117  154  )
( -83  -74  57  )
( 53  -218  136  )
( -256  -127  53  )
( -297  -266  275  )
( 135  -53  220  )
( 54  72  -2  )
( -297  -102  -175  )
( -159  109  253  )
( -215  253  249  )
( 180  -11  121  )
( 231  -93  -198  )
( -187  -116  -96  )
( 276  -95  -86  )
( -243  -241  -126  )
( -62  272  -205  )
( -73  241  266  )
( -160  -196  128  )
( 16  205  20  )
( 269  162  -31  )
( 209  -284  -91  )
( -81  -44  -240  )
( 298  -47  -257  )
( -62  -52  -133  )
( 137  -64  -74  )
( 87  134  -84  )
( -4  -226  78  )
( 189  147  289  )
( 13  -117  285  )
( 274  -123  288  )
( 45  66  -144  )
( -164  281  -228  )
( 136  -183  -57  )
( -44  -165  260  )
( 117  -84  177  )
( -169  -229  -6  )
( -112  73  115  )
( -186  -268  -12  )
( -51  91  -29  )
( -258  -281  178  )
( 184  -252  84  )
( -115  -175  -54  )
( -146  202  150  )
( 13  -241  -249  )
( 11  90  280  )
( 228  214  2  )
( 183  251  -185  )
( -111  16  231  )
( 173  133  69  )
( 221  -157  -17  )
( -284  -140  66  )
( 114  -8  264  )
( -42  76  -37  )
( -162  209  230  )
( 195  -42  -242  )
( 119  -120  282  )
( 255  -209  200  )
( 167  128  -50  )
( 209  -264  -92  )
( -297  122  -85  )
( 98  -243  260  )
( 43  -162  136  )
( 208  -76  105  )
( -270  -33  -183  )
( -237  123  15  )
( 194  295  291  )
( 204  -19  -5  )
( -91  -24  253  )
( -159  213  -20  )
( 204  -270  281  )
( -121  -236  47  )
( 196  -275  52  )
( -244  -0  -226  )
( -256  -141  -205  )
( 193  279  265  )
( 10  93  225  )
( 98  -254  -28  )
( -265  275  -137  )
( -43  110  -8  )
( -119  40  151  )
( -33  -134  -168  )
( -281  -55  -166  )
( -248  161  200  )
( 123  -80  275  )
( -194  -203  83  )
( 278  55  -58  )
( 150  -161  -202  )
( 171  -64  226  )
( 187  128  -167  )
( -149  261  -264  )
( 167  -125  234  )
( 0  -81  -106  )
( -178  -193  108  )
( 78  248  181  )
( 204  290  210  )
( 43  -7  -195  )
( -237  -163  -3  )
( -266  -213  -26  )
( -190  -48  76  )
( -31  -21  -228  )
( 87  -57  240  )
( 21  254  220  )
( 291  -20  80  )
( 269  -90  -267  )
( -192  -139  22  )
( 240  41  59  )
( -160  -10  -283  )
( 42  225  108  )
( 101  122  128  )
( 276  -19  202  )
( 69  -133  178  )
( 280  -205  -284  )
( -209  -200  176  )
( 52  244  123  )
( 0  115  68  )
( 149  -39  102  )
( -261  87  -212  )
( -244  93  -53  )
( 133  90  -49  )
( 36  -123  -144  )
( 147  -270  26  )
( 23  198  294  )
( -27  -227  -210  )
( -105  -237  -37  )
( 225  197  174  )
( 264  259  -50  )
( -242  12  -277  )
( -261  -121  4  )
( -25  273  272  )
( 232  -191  -30  )
( 110  202  -218  )
( -133  -287  -121  )
( -251  242  89  )
( 22  163  -242  )
( 224  248  -159  )
( 16  -53  75  )
( 189  -64  111  )
( 26  -183  229  )
( 242  -206  -127  )
( 192  210  -161  )
( 65  164  37  )
( 223  -252  -20  )
( 202  68  117  )
( 115  130  270  )
( -77  -115  294  )
( -293  48  -198  )
( -217  278  23  )
( 229  12  -15  )
( 104  96  241  )
( -118  101  33  )
( 158  24  -99  )
( 284  94  -68  )
( 168  84  -252  )
( -75  151  -196  )
( -221  114  233  )
( -242  87  -275  )
( -20  239  54  )
( -255  136  -278  )
( 292  -117  -250  )
( -14  293  149  )
( -212  130  -79  )
( -257  14  6  )
( -6  103  164  )
( 275  190  -68  )
( 81  -190  -181  )
( 87  -152  -263  )
( -296  278  -299  )
( 43  -211  -258  )
( 48  189  -285  )
( -115  -279  17  )
( -290  -154  272  )
( 73  113  -23  )
( 79  73  274  )
( 153  -109  -120  )
( -211  -124  192  )
( 36  -255  100  )
( 270  -189  128  )
( -85  169  -232  )
( 164  -112  199  )
( -103  141  32  )
( -287  -65  -264  )
( 187  -186  -7  )
( 11  -176  -229  )
( -225  19  290  )
( 122  -29  -141  )
( 134  -123  298  )
( -61  185  -137  )
( 217  -289  196  )
( 153  4  -131  )
( 23  89  83  )
( -297  -90  291  )
( 103  -217  191  )
( -142  -287  284  )
( -139  270  55  )
( -257  -285  -114  )
( -54  -217  -194  )
( -89  -54  85  )
( 221  -32  -269  )
( 180  -176  -213  )
( 281  -201  -81  )
( -264  32  169  )
( -45  -49  122  )
( 43  147  -252  )
( 25  6  -217  )
( 127  -135  27  )
( -25  -97  69  )
( -39  119  192  )
( -136  -277  -76  )
( -96  170  -40  )
( 72  78  269  )
( -6  -284  -124  )
( 6  285  -138  )
( 111  -248  -96  )
( 123  -184  -55  )
( -29  -23  -188  )
( 183  157  146  )
( -129  134  160  )
( 247  31  -165  )
( 21  27  277  )
( 299  -180  -4  )
( 10  -59  61  )
( -196  77  -292  )
( 56  -241  -6  )
( 82  -216  153  )
( -245  -27  180  )
( 258  220  264  )
( -263  274  103  )
( -213  217  155  )
( -150  -6  298  )
( 225  -91  -246  )
( -280  -154  -255  )
( -258  93  8  )
( -47  -121  109  )
( 78  -177  36  )
( -240  -2  188  )
( 159  -247  93  )
( -152  194  -3  )
( 164  264  168  )
( 147  -50  -73  )
( 298  -258  -257  )
( 77  205  -50  )
( 76  -24  -164  )
( -22  87  -88  )
( -93  131  221  )
( -172  -191  -97  )
( -245  190  62  )
( -1  -24  31  )
( 175  -53  -74  )
( -153  228  -45  )
( 177  51  186  )
( -222  -34  -79  )
( 51  36  -243  )
( 168  -266  -82  )
( -8  -0  -283  )
( 266  -123  172  )
( -148  134  190  )
( -290  217  -4  )
( -37  -33  -224  )
( 182  60  46  )
( 182  15  66  )
( 233  -203  121  )
( 243  72  88  )
( 64  286  -257  )
( 134  41  135  )
( -212  -270  99  )
( 296  -144  168  )
( -95  110  -124  )
( 170  111  36  )
( -286  127  95  )
( -177  -280  221  )
( 162  273  245  )
( 199  61  -248  )
( -143  -16  -29  )
( -151  -9  201  )
( 138  -28  280  )
( -54  -136  -24  )
( -242  -33  237  )
( -8  113  35  )
( -123  21  166  )
( -199  -31  -220  )
( 122  27  292  )
( -208  -86  171  )
( -136  193  -97  )
( 15  -166  200  )
( -9  177  -282  )
( -154  46  -242  )
( -109  164  127  )
( 37  -58  -231  )
( 79  118  68  )
( -228  -43  216  )
( 204  -19  141  )
( -90  -31  17  )
( 231  251  -49  )
( 119  180  217  )
( 208  -241  64  )
( -285  268  85  )
( -244  157  -70  )
( -121  -264  -190  )
( -100  -43  54  )
( 293  169  162  )
( 227  -49  260  )
( 66  -90  -261  )
( 132  284  -218  )
( 123  245  -176  )
( -258  -84  -279  )
( -107  -192  271  )
( 205  -154  -203  )
( 202  -68  33  )
( -86  222  -134  )
( -245  -124  -199  )
( -137  -284  209  )
( -78  24  -122  )
( 100  107  -167  )
( -117  -108  -168  )
( 146  -33  36  )
( 281  -172  36  )
( -175  173  -160  )
( 259  133  -21  )
( 181  24  -28  )
( -258  -25  -118  )
( 69  4  113  )
( 128  -213  -38  )
( 95  -200  -203  )
( -203  -24  92  )
( 189  -215  -27  )
( -225  -114  -113  )
( -176  282  24  )
( 82  -46  -106  )
( 163  272  10  )
( -127  -168  201  )
( -126  -147  -288  )
( 176  145  -260  )
( -34  -39  -149  )
( -34  -231  -85  )
( -255  136  253  )
( -66  147  -140  )
( 281  48  54  )
( -120  193  99  )
( 122  184  146  )
( -230  -188  99  )
( 96  143  -179  )
( -148  10  -66  )
( -177  -5  4  )
( 18  33  -176  )
( 193  53  -296  )
( 4  -185  262  )
( -32  30  -192  )
( 292  177  -35  )
( 147  73  -85  )
( -40  -28  -244  )
( -107  246  24  )
( -83  77  -30  )
( 111  33  -143  )
( 273  -252  73  )
( 118  -42  232  )
( 125  65  -31  )
( 177  124  53  )
( -122  -270  31  )
( 106  -33  52  )
( -86  -259  -294  )
( -155  208  47  )
( -44  202  69  )
( 197  59  138  )
( 155  110  -292  )
( 194  -17  -242  )
( 48  261  170  )
( -139  192  92  )
( 137  141  32  )
( 131  163  -116  )
( -229  253  257  )
( -186  240  107  )
( 30  -230  185  )
( 101  -72  -260  )
( -262  238  126  )
( -163  212  -9  )
( 239  -111  -211  )
( -214  281  -190  )
( -77  193  -44  )
( -93  -131  190  )
( -87  273  -137  )
( 51  -81  -264  )
( 100  -242  -94  )
( -44  154  48  )
( 161  -228  169  )
( -248  -17  160  )
( 243  -295  9  )
( 274  15  42  )
( -84  29  -46  )
( 184  173  -133  )
( -135  87  -48  )
( 89  -106  177  )
( 149  -6  -152  )
( -152  29  -162  )
( 229  72  95  )
( 19  185  -134  )
( -115  -285  -134  )
( 204  -25  277  )
( 35  -156  16  )
( -198  209  8  )
( 192  218  -131  )
( 298  -108  -184  )
( -294  -21  -22  )
( -119  61  -277  )
( -91  126  251  )
( -137  92  299  )
( 136  -289  161  )
( -271  216  264  )
( -132  -100  -150  )
( 49  -238  -71  )
( 200  148  -249  )
( 87  -70  280  )
( -142  -184  -249  )
( -98  276  31  )
( -174  57  64  )
( 215  185  -285  )
( 248  -166  -70  )
( 3  -124  104  )
( 77  224  -111  )
( 23  279  97  )
( -215  -32  180  )
( -263  53  2  )
( -81  -223  26  )
( 140  146  125  )
( 145  139  134  )
( -66  269  112  )
( -276  -72  15  )
( 63  64  -214  )
( 91  211  120  )
( -270  7  40  )
( -75  57  168  )
( 40  79  -275  )
( 123  -44  -239  )
( -188  -31  54  )
( -268  -143  82  )
( -5  24  -188  )
( 122  100  -156  )
( -132  -145  233  )
( -79  -13  17  )
( 143  -93  -123  )
( -189  113  171  )
( 44  -6  -47  )
( 41  270  -145  )
( 178  9  209  )
( 50  -92  80  )
( 195  190  -78  )
( 145  239  97  )
( -114  12  -222  )
( 195  -85  47  )
( 203  286  -101  )
( -48  107  39  )
( 86  -193  -271  )
( 188  276  103  )
( -168  -167  -33  )
( 126  190  165  )
( -244  -127  -289  )
( -199  -210  -267  )
( -199  -257  79  )
( -145  -179  -150  )
( -55  63  50  )
( 113  -25  -112  )
( -145  127  89  )
( 63  -269  115  )
( -243  23  -153  )
( 145  33  -215  )
( 257  143  -180  )
( -3  -217  231  )
( 106  97  -160  )
( 115  44  233  )
( -289  -284  107  )
( -129  -15  284  )
( -172  292  -120  )
( -176  -124  -60  )
( -123  -213  -102  )
( 230  201  -254  )
( 287  41  17  )
( -196  51  -265  )
( 105  135  115  )
( 38  149  181  )
( -202  -292  -208  )
( -61  -264  200  )
( 294  -34  -86  )
( 288  189  255  )
( 184  129  -45  )
( -131  37  -74  )
( 169  92  -172  )
( 23  -120  187  )
( 240  6  195  )
( -106  -212  -176  )
( 124  -243  4  )
( -265  -6  -78  )
( 152  -222  108  )
( -277  -128  247  )
( -294  83  195  )
( -100  70  64  )
( 299  290  242  )
( -172  146  43  )
( -151  -173  -298  )
( -71  272  21  )
( 232  16  -105  )
( 108  228  -91  )
( -274  -258  -98  )
( -89  257  -77  )
( -162  107  238  )
( 221  0  -21  )
( -173  -6  219  )
( 43  105  197  )
( -253  205  -183  )
( 171  72  -192  )
( -59  202  -136  )
( 112  -114  158  )
( 233  182  214  )
( -112  100  -83  )
( -67  133  -128  )
( -281  -160  -273  )
( -133  240  142  )
( -53  11  277  )
( -130  215  97  )
( 256  -120  235  )
( -8  -162  69  )
( -110  280  252  )
( 7  -21  113  )
( -171  -54  225  )
( -211  146  -290  )
( -221  -226  -139  )
( -229  257  142  )
( 153  -8  51  )
( 23  -224  243  )
( -105  112  118  )
( 239  -179  -156  )
( -203  205  43  )
( 177  -252  131  )
( 218  -155  -138  )
( -154  214  63  )
( -6  199  205  )
( 205  -182  268  )
( 267  -182  -189  )
( -4  -212  -260  )
( 59  148  146  )
( -133  -134  64  )
( -256  -113  207  )
( 98  37  -143  )
( 226  -291  217  )
( 174  201  -209  )
( -45  221  -11  )
( -153  25  -289  )
( -85  -196  13  )
( -81  258  98  )
( -155  220  13  )
( 183  9  13  )
( 103  -255  -182  )
( 271  -263  71  )
( -239  -197  184  )
( -266  2  -233  )
( -127  4  105  )
( -141  -251  -106  )
( 189  -96  208  )
( -227  -243  -204  )
( -299  -133  -274  )
( 226  281  -201  )
( 168  150  210  )
( 257  94  -79  )
( 57  -287  43  )
( 167  -40  -73  )
( 190  -44  298  )
( 24  65  -88  )
( -295  218  111  )
( 53  278  -168  )
( 81  -285  121  )
( -177  -289  -20  )
( 59  229  296  )
( 187  154  170  )
( -135  -137  -276  )
( -138  -206  -189  )
( 214  -22  -205  )
( 240  281  73  )
( -240  43  11  )
( 25  -217  188  )
( -6  122  199  )
( -268  -288  66  )
( 56  73  294  )
( 186  228  -65  )
( -209  -74  142  )
( 41  -12  -136  )
( -81  199  124  )
( 201  -171  -262  )
( 20  -259  276  )
( -170  -27  -32  )
( -28  -89  101  )
( -62  151  42  )
( -17  -58  -277  )
( 33  -78  291  )
( -224  -37  -197  )
( -156  225  187  )
( 121  -75  -217  )
( 139  -180  -7  )
( -139  205  92  )
( 266  -208  -63  )
( 297  248  -223  )
( 249  -75  -258  )
( 136  -104  73  )
( -184  73  43  )
( -98  -41  -254  )
( 170  33  -251  )
( 203  -70  165  )
( -94  -51  72  )
( 172  -166  297  )
( -171  -2  -215  )
( 144  -9  -16  )
( -295  47  162  )
( -70  93  -228  )
( -104  -170  -140  )
( -45  142  109  )
( 294  174  230  )
( 71  -96  -52  )
( 280  -204  23  )
( 36  276  288  )
( 77  -145  -274  )
( -16  -60  97  )
( 232  165  73  )
( 39  170  94  )
( -281  -139  -78  )
( -155  276  -59  )
( 221  -174  -182  )
( 182  134  -24  )
( 57  -228  -120  )
( -133  -1  -285  )
( -271  79  230  )
( -226  -13  -146  )
( 126  136  -44  )
( -50  -21  212  )
( -51  11  -273  )
( 144  158  82  )
( 158  11  -10  )
( 204  -254  -89  )
( -196  4  -284  )
( 117  -159  57  )
( 33  160  -104  )
( 168  -195  153  )
( -32  135  -292  )
( -113  168  32  )
( -31  -14  -131  )
( 159  57  -196  )
( -108  -290  244  )
( 55  217  153  )
( 40  211  108  )
( -268  -190  -120  )
( 247  25  -287  )
( -254  94  -227  )
( -15  -224  96  )
( 67  131  32  )
( -174  208  -27  )
( -200  -193  -279  )
( -191  -295  -126  )
( 232  -224  220  )
( -143  -84  137  )
( -14  293  -12  )
( 16  -185  236  )
( -291  -290  124  )
( -150  62  10  )
( 151  -23  -154  )
( 31  82  35  )
( 63  291  -293  )
( 275  -127  264  )
( -169  101  -91  )
( 46  -32  183  )
( -14  -261  -113  )
( 28  -99  -129  )
( 125  -112  65  )
( 160  186  -123  )
( -6  235  -56  )
( -165  208  -262  )
( 267  111  14  )
( 284  -74  -220  )
( -81  -0  -244  )
( -182  -25  -27  )
( -289  -253  -61  )
( -279  299  84  )
( 58  -102  236  )
( 142  -81  -272  )
( 102  295  117  )
( -181  -211  -213  )
( -3  -130  -205  )
( -154  122  262  )
( 246  34  142  )
( 206  -103  239  )
( -150  -273  84  )
( -288  141  194  )
( -6  74  71  )
( -190  66  -219  )
( -125  -221  -232  )
( 34  81  68  )
( 244  -91  133  )
( 241  275  155  )
( 287  -141  -138  )
