( 151  195  122  )
( 156  -192  159  )
( -126  54  131  )
( -40  82  -148  )
( -88  -49  21  )
( -8  173  -150  )
( -126  -199  -112  )
( 59  -123  188  )
( -107  129  97  )
( -55  -153  148  )
( 15  -189  198  )
( 105  132  -186  )
( 167  112  -153  )
( 147  31  -160  )
( 137  190  6  )
( 20  78  -160  )
( 82  -159  -182  )
( -47  142  116  )
( 12  -23  36  )
( -106  81  -32  )
( -70  -133  29  )
( -101  -83  7  )
( -130  88  -185  )
( -143  120  -44  )
( -146  -132  90  )
( -148  -33  84  )
( 95  -189  -45  )
( 127  174  -142  )
( 3  146  105  )
( -76  64  118  )
( -75  98  69  )
( -144  -158  -188  )
( -98  -130  -55  )
( -58  77  143  )
( -103  21  -96  )
( -108  103  -180  )
( -88  -14  51  )
( -44  -160  -192  )
( 103  -185  156  )
( 42  -47  -50  )
( -154  -102  -42  )
( -196  47  -45  )
( -181  -59  -129  )
( -50  -177  -193  )
( 177  -2  186  )
( -29  151  -63  )
( 80  -125  106  )
( 48  -87  109  )
( 124  162  -72  )
( 33  117  -172  )
( 55  172  -29  )
( 127  132  -10  )
( 129  -155  -15  )
( 143  199  -178  )
( -182  76  -38  )
( 25  -28  197  )
( -24  -195  93  )
( -52  130  -113  )
( 112  60  -184  )
( 139  -126  89  )
( 78  108  -66  )
( -51  -71  -67  )
( -2  -10  59  )
( -182  55  -94  )
( 25  71  115  )
( -122  -177  -121  )
( -162  -117  -77  )
( 5  31  121  )
( 86  32  -158  )
( 159  147  198  )
( -84  -117  11  )
( -102  189  -88  )
( -124  196  -195  )
( -30  -39  -159  )
( 88  198  35  )
( 78  -29  -103  )
( -76  -6  160  )
( 135  60  -155  )
( -53  170  16  )
( 139  85  -171  )
( 57  -106  9  )
( -169  -113  -179  )
( 88  122  1  )
( -22  -62  -178  )
( 83  -127  99  )
( -176  -76  2  )
( -57  167  -83  )
( -53  75  -145  )
( 72  -68  -162  )
( -48  63  137  )
( 44  53  78  )
( -158  -190  -135  )
( -70  111  59  )
( -11  -71  -74  )
( 17  -78  -54  )
( 129  -176  -86  )
( 73  -97  33  )
( 156  -122  74  )
( -82  118  -117  )
( 128  22  140  )
( 67  199  -125  )
( -174  -38  135  )
( -192  161  5  )
( -160  62  68  )
( -71  192  40  )
( -105  10  139  )
( -165  -175  116  )
( 42  -39  -129  )
( 197  161  141  )
( 100  143  45  )
( 99  6  -70  )
( -43  -84  46  )
( -138  3  34  )
( -75  -185  -163  )
( -114  -109  -171  )
( 99  81  -26  )
( -135  152  -92  )
( -192  -187  -86  )
( 148  -163  110  )
( 28  -153  101  )
( 47  -97  -158  )
( -111  62  -140  )
( 191  -158  187  )
( -94  -148  -64  )
( -26  92  90  )
( -37  57  127  )
( -114  -171  -184  )
( 146  197  151  )
( 73  -92  -5  )
( -58  197  -9  )
( -178  150  131  )
( 142  -85  -148  )
( -148  71  -149  )
( 143  98  186  )
( 13  -21  126  )
( 184  196  98  )
( 175  -164  -171  )
( 190  -42  30  )
( 29  -171  -84  )
( 114  172  -72  )
( 111  -67  64  )
( -24  -3  -120  )
( -40  -37  59  )
( -170  184  -35  )
( 102  -157  -15  )
( -117  4  -147  )
( -80  51  88  )
( -172  -150  -21  )
( -39  -133  -139  )
( -188  -99  -83  )
( 147  31  -123  )
( -13  -156  74  )
( 109  -96  119  )
( -158  -174  -14  )
( -46  177  96  )
( 76  -96  157  )
( 14  -16  -94  )
( -133  37  170  )
( 36  -163  76  )
( 78  -164  173  )
( 197  137  -126  )
( 50  -100  153  )
( -166  66  -102  )
( 5  -155  -62  )
( 74  182  168  )
( 113  95  -5  )
( 154  49  145  )
( -57  147  49  )
( 80  -20  -95  )
( -73  -135  -169  )
( -144  -184  -163  )
( -127  -131  -182  )
( -82  -158  76  )
( 66  141  76  )
( 112  -11  47  )
( -158  -175  1  )
( -42  -132  -149  )
( -0  -70  8  )
( 14  -115  186  )
( 126  -18  -71  )
( -167  197  32  )
( 141  -192  -18  )
( 26  -78  -170  )
( -129  -106  108  )
( -50  -116  -148  )
( 9  -153  -119  )
( -155  -147  132  )
( -115  21  -88  )
( -83  -135  -18  )
( -116  139  146  )
( 187  47  6  )
( 94  147  11  )
( -114  33  -77  )
( 52  -41  10  )
( 52  159  187  )
( 89  -167  -80  )
( -92  -131  -99  )
( 7  -128  115  )
( 195  50  157  )
( 17  12  24  )
( -63  6  -140  )
( -158  92  4  )
( -156  -195  -170  )
( -83  -61  65  )
( -146  190  188  )
( -135  -68  -67  )
( -17  -24  158  )
( -53  -117  -7  )
( 87  128  105  )
( 68  -147  109  )
( -85  96  178  )
( 39  -38  87  )
( -40  -158  29  )
( 152  45  -8  )
( 15  20  -97  )
( -72  -118  -119  )
( -193  45  -35  )
( 129  171  -68  )
( -19  -63  -131  )
( -89  59  171  )
( 158  147  144  )
( 19  186  17  )
( -63  111  -164  )
( 117  110  119  )
( 136  187  -160  )
( -134  59  91  )
( 133  148  -73  )
( 134  -74  -73  )
( 52  170  -53  )
( 145  -194  134  )
( 88  77  -147  )
( 120  7  199  )
( -130  89  -36  )
( -55  136  -148  )
( -48  192  102  )
( -169  -189  -171  )
( -191  196  -175  )
( -88  -70  -18  )
( 155  78  -105  )
( -91  176  -135  )
( 103  164  -138  )
( -160  -117  119  )
( 87  -70  18  )
( -45  162  -152  )
( 139  -17  87  )
( -53  58  82  )
( 19  -198  30  )
( -185  -54  182  )
( 149  -154  60  )
( 87  179  -180  )
( -25  49  8  )
( -145  80  178  )
( 107  38  106  )
( 102  171  -103  )
( 68  197  172  )
( -197  -185  -122  )
( 182  -80  -48  )
( 183  -167  -197  )
( -92  -66  -103  )
( -35  -63  47  )
( 59  100  124  )
( -192  -103  90  )
( -72  183  106  )
( -126  180  -69  )
( -186  113  55  )
( 120  128  -89  )
( -69  -6  -103  )
( -51  107  -37  )
( -119  153  3  )
( 185  172  179  )
( 143  -28  -181  )
( -174  11  -85  )
( 85  172  -150  )
( -152  -27  -45  )
( 121  -34  -124  )
( 49  185  125  )
( 3  -189  62  )
( -188  -13  134  )
( -176  -173  -64  )
( 22  87  138  )
( -71  -183  85  )
( -101  -61  -159  )
( -187  -18  58  )
( -0  154  119  )
( 134  171  182  )
( 166  199  129  )
( 188  159  185  )
( -116  -151  -22  )
( -72  -78  133  )
( -174  38  9  )
( 160  23  -28  )
( -85  -121  -15  )
( 32  -197  -80  )
( 138  -139  -102  )
( -2  -38  140  )
( 197  159  113  )
( 3  -81  168  )
( -3  98  172  )
( -157  -21  -171  )
( -7  1  10  )
( -115  7  -172  )
( -182  8  29  )
( -93  70  -8  )
( -196  147  -145  )
( 92  7  131  )
( 110  -174  21  )
( 166  -43  -177  )
( -62  -120  -192  )
( 159  82  -150  )
( -13  24  144  )
( -41  55  185  )
( 170  57  164  )
( 147  -8  -164  )
( 20  138  23  )
( -67  -130  -4  )
( 109  -21  -38  )
( -176  158  84  )
( 64  49  -93  )
( -97  141  170  )
( 2  -117  -156  )
( -196  -39  -5  )
( -52  -199  -185  )
( -79  -74  53  )
( 139  116  -126  )
( -143  19  98  )
( -155  -199  71  )
( -198  -65  8  )
( 1  -147  18  )
( -43  132  -148  )
( 114  -100  40  )
( -162  169  99  )
( 40  -35  -20  )
( 95  -195  -28  )
( 119  42  82  )
( -87  58  -65  )
( -183  -73  22  )
( 187  106  -59  )
( -20  -11  68  )
( -181  134  -142  )
( -21  -83  106  )
( -3  193  -177  )
( -11  -148  -86  )
( -105  155  38  )
( 12  83  -44  )
( 122  -21  187  )
( 55  6  -85  )
( 170  156  152  )
( 30  -137  60  )
( -96  -148  -144  )
( 98  141  28  )
( 94  61  29  )
( -4  189  -11  )
( 100  -39  49  )
( -193  175  -86  )
( -94  -197  -115  )
( 178  -148  196  )
( -128  98  -13  )
( 66  86  -170  )
( -172  -154  -120  )
( -65  -16  91  )
( 147  -143  4  )
( 85  120  -191  )
( 40  -145  -152  )
( 4  -104  39  )
( 0  172  137  )
( -66  -96  132  )
( -50  -30  140  )
( 41  5  163  )
( 87  -137  -54  )
( -1  106  -154  )
( 37  80  49  )
( 14  67  165  )
( -151  -152  10  )
( 48  -199  3  )
( 166  137  34  )
( -50  -172  23  )
( 155  195  -124  )
( 164  70  -188  )
( 168  -67  -52  )
( -118  36  -64  )
( 152  85  9  )
( -55  119  -18  )
( 168  -139  103  )
( -47  -148  -0  )
( -185  -93  66  )
( -154  86  126  )
( -133  163  105  )
( 145  -60  -48  )
( -61  -16  -177  )
( -128  63  158  )
( -75  -17  -100  )
( 68  137  -183  )
( 189  125  151  )
( 85  -7  -83  )
( 44  -116  46  )
( 58  110  -152  )
( -189  -160  52  )
( -186  69  -183  )
( 91  151  -62  )
( 15  -139  -134  )
( 188  46  68  )
( 31  57  149  )
( 43  149  -101  )
( 166  -54  -27  )
( -106  132  -172  )
( -82  174  2  )
( 192  4  -146  )
( 161  -157  57  )
( 65  197  -109  )
( -159  -110  34  )
( -126  177  -12  )
( 45  -36  195  )
( -98  28  125  )
( 76  -45  -92  )
( 11  -32  81  )
( -141  -169  129  )
( 43  -12  81  )
( -82  24  -199  )
( 31  74  54  )
( -192  17  -185  )
( 73  -96  167  )
( -11  -159  -122  )
( 184  112  151  )
( -66  -100  -92  )
( 24  -158  155  )
( 168  -189  -133  )
( 94  160  58  )
( 118  -96  1  )
( 133  -97  149  )
( 155  -42  -126  )
( -20  0  99  )
( 182  42  -147  )
( -9  154  103  )
( -170  128  188  )
( 34  -119  114  )
( 14  -155  168  )
( 104  114  17  )
( 80  -112  -177  )
( -143  127  90  )
( -147  -49  -80  )
( 198  -135  -39  )
( 159  -105  -48  )
( -186  -196  182  )
( 145  182  59  )
( -63  -183  81  )
( -77  84  -190  )
( 34  -100  -38  )
( 194  119  131  )
( 111  81  -177  )
( 113  -183  39  )
( 122  29  136  )
( -172  -192  168  )
( 72  -131  -14  )
( -43  175  -5  )
( -172  -5  151  )
( 159  -160  41  )
( -45  -6  58  )
( -198  -52  186  )
( 190  -158  -137  )
( -122  129  27  )
( -139  117  60  )
( 190  144  -158  )
( 152  47  -176  )
( -180  179  -163  )
( 34  -169  -184  )
( -13  -100  -50  )
( -14  -135  154  )
( -189  -187  89  )
( -26  -80  -125  )
( 172  26  129  )
( 199  29  -46  )
( 58  72  -106  )
( -49  82  99  )
( 28  142  -125  )
( -131  10  94  )
( 125  -107  106  )
( -33  148  -79  )
( 28  -198  8  )
( -106  72  172  )
( -97  -151  -133  )
( -81  98  187  )
( -115  59  156  )
( -153  82  59  )
( 124  41  -177  )
( 41  179  -165  )
( -188  -179  17  )
( 5  -27  -53  )
( -35  73  164  )
( 187  -196  134  )
( -14  -121  -181  )
( -56  62  54  )
( 66  69  46  )
( -54  63  7  )
( -18  62  -6  )
( 184  4  136  )
( 171  190  -112  )
( 162  170  -24  )
( 0  63  -24  )
( -195  149  154  )
( -87  -190  11  )
( -196  -159  -186  )
( -174  -89  -12  )
( -73  42  92  )
( -55  -1  -62  )
( 65  106  -197  )
( -154  52  27  )
( -168  130  -23  )
( -74  -187  -114  )
( -178  185  -135  )
( 198  10  -125  )
( -28  161  -89  )
( -130  55  -134  )
( -199  73  194  )
( -132  -5  164  )
( -179  92  71  )
( 63  -170  -185  )
( 26  -121  142  )
( -146  -129  85  )
( -99  70  -166  )
( -65  79  -147  )
( 157  132  8  )
( 140  -100  -19  )
( 14  -141  87  )
( -102  162  187  )
( -37  169  -63  )
( -83  65  172  )
( -23  -111  -59  )
( -5  -64  -133  )
( -68  -24  72  )
( 138  -1  -109  )
( 155  -77  47  )
( 186  -146  -83  )
( 133  69  -43  )
( 148  -180  -107  )
( -172  68  94  )
( 164  50  -98  )
( -81  -25  62  )
( 79  -13  -2  )
( 98  83  91  )
( 74  133  130  )
( 20  -0  58  )
( 120  185  105  )
( 92  -185  120  )
( -139  191  -161  )
( -18  -3  151  )
( -135  3  133  )
( -183  180  -108  )
( -24  10  -156  )
( 106  -82  -20  )
( -66  148  131  )
( 134  -94  -48  )
( -50  -133  -153  )
( 55  29  -93  )
( -43  25  -17  )
( -176  -93  131  )
( -98  -117  25  )
( 92  96  -107  )
( 148  98  81  )
( -175  115  153  )
( 82  194  -168  )
( 73  -75  -69  )
( -87  186  -27  )
( 49  -164  80  )
( -176  145  92  )
( -128  -81  -37  )
( 66  65  -10  )
( 92  -127  19  )
( 186  32  -159  )
( -34  129  87  )
( -155  -49  -176  )
( 143  -169  -93  )
( -8  77  19  )
( -171  -35  45  )
( 192  153  187  )
( -37  12  17  )
( -137  160  189  )
( 196  191  65  )
( 41  -29  83  )
( -171  78  -106  )
( -164  -86  40  )
( -0  -14  -100  )
( 82  -197  -112  )
( 144  24  -168  )
( -186  -79  -56  )
( 25  -108  -153  )
( 45  21  -69  )
( 151  -145  83  )
( 179  187  96  )
( 187  -136  -198  )
( -107  47  103  )
( -99  -5  194  )
( 9  135  -71  )
( 158  -182  -76  )
( 7  73  34  )
( -143  93  66  )
( 161  35  137  )
( 119  48  -190  )
( -54  7  -43  )
( 152  -54  -156  )
( 95  84  139  )
( 113  18  35  )
( -144  -188  -72  )
( 63  -66  15  )
( -96  24  104  )
( 190  12  -162  )
( 108  -45  -88  )
( 18  95  8  )
( -14  94  -123  )
( -35  -2  55  )
( 106  13  182  )
( -133  -191  -73  )
( 128  8  153  )
( 116  21  -42  )
( -147  -47  -163  )
( 132  185  159  )
( -105  -100  34  )
( 24  -41  185  )
( 157  -197  141  )
( -35  114  -66  )
( -2  119  -192  )
( 47  154  27  )
( 147  -75  63  )
( -138  -54  102  )
( 153  54  37  )
( -172  -53  -82  )
( -176  -72  -29  )
( -107  -33  -130  )
( 67  40  -21  )
( 90  183  152  )
( 40  181  -25  )
( -155  81  74  )
( -107  120  -21  )
( 148  -119  105  )
( 128  -190  -1  )
( -198  192  186  )
( 175  161  -93  )
( 99  137  -148  )
( 108  12  182  )
( -164  183  -188  )
( 76  -25  -103  )
( -86  145  -125  )
( -56  165  152  )
( 89  -186  111  )
( -158  -147  -99  )
( -155  -93  114  )
( 79  108  -135  )
( -60  130  -55  )
( -21  14  120  )
( -167  173  -44  )
( 166  75  -4  )
( -154  59  187  )
( 112  114  126  )
( -8  80  -83  )
( -33  133  107  )
( -96  -190  -151  )
( 7  22  123  )
( 150  183  -21  )
( -109  -25  -165  )
( -35  -119  -169  )
( 191  -179  177  )
( -18  -90  -98  )
( -3  54  -186  )
( -42  120  109  )
( -104  57  44  )
( 44  188  46  )
( -120  22  30  )
( 150  152  2  )
( -104  122  141  )
( -17  -107  4  )
( 9  -60  -72  )
( 199  -185  -128  )
( -42  9  2  )
( 133  91  -94  )
( 69  145  110  )
( 191  198  -165  )
( -56  -175  -67  )
( -78  193  -100  )
( -174  168  -56  )
( -122  36  3  )
( -130  -56  -91  )
( 67  59  8  )
( -185  72  -16  )
( -134  -57  -96  )
( 82  16  -84  )
( 184  -157  -159  )
( -93  -34  66  )
( -193  170  50  )
( 147  7  -188  )
( -171  167  132  )
( -93  -13  102  )
( -25  46  -167  )
( -41  186  91  )
( 77  164  -25  )
( 41  -198  92  )
( -20  143  -162  )
( 14  174  13  )
( -84  117  -123  )
( 162  -42  -101  )
( -17  -80  37  )
( 127  69  11  )
( 48  180  153  )
( 63  97  195  )
( -26  -184  -126  )
( -90  83  164  )
( 195  -56  112  )
( 6  92  16  )
( 137  -131  -17  )
( 108  -181  22  )
( 130  -3  152  )
( -186  -184  162  )
( 68  -159  4  )
( 43  100  -4  )
( 75  -122  138  )
( 65  45  53  )
( 113  62  -87  )
( -23  170  -109  )
( 113  179  174  )
( 114  -33  62  )
( -96  150  55  )
( -15  -16  -66  )
( 39  62  18  )
( 121  -153  198  )
( 117  -111  197  )
( -170  37  160  )
( -101  -56  -147  )
( -144  68  -89  )
( -142  114  -153  )
( -87  100  -57  )
( -46  37  8  )
( -47  70  -104  )
( 50  -103  -42  )
( -14  102  -29  )
( -85  -2  144  )
( 154  117  140  )
( 95  102  172  )
( 76  -128  6  )
( -20  116  -21  )
( 34  75  -186  )
( -47  -197  125  )
( 151  114  84  )
( 199  -79  44  )
( -186  -63  109  )
( -118  121  -39  )
( -88  77  51  )
( -55  64  -114  )
( 101  183  84  )
( 132  -33  -74  )
( -17  -69  118  )
( 60  67  72  )
( 1  -183  -3  )
( -7  -171  -42  )
( 96  11  119  )
( -63  55  90  )
( 128  180  -114  )
( -164  159  -20  )
( -154  -35  -108  )
( -53  130  110  )
( -187  154  27  )
( -128  89  157  )
( 180  143  -49  )
( 161  37  60  )
( 182  144  35  )
( -68  29  -82  )
( 194  54  189  )
( 97  -7  -127  )
( -33  -191  -96  )
( -91  -133  87  )
( 149  172  166  )
( -189  132  74  )
( 77  48  61  )
( 85  -53  191  )
( -159  128  83  )
( -142  -144  -104  )
( 53  -143  -139  )
( -63  187  -153  )
( -198  187  -188  )
( -124  -83  143  )
( 126  31  80  )
( -36  9  -53  )
( 151  149  -51  )
( -41  -170  -20  )
( -123  167  136  )
( 110  -104  -147  )
( -128  157  114  )
( 192  -148  112  )
( -135  -122  110  )
( 89  -0  172  )
( 109  -145  19  )
( 46  -83  -195  )
( 3  -15  162  )
( -148  116  -115  )
( -24  44  -143  )
( -192  37  65  )
( 196  36  30  )
( 148  134  -144  )
( 41  -72  80  )
( 54  105  -95  )
( 18  -163  156  )
( -165  -103  114  )
( -112  -179  9  )
( 25  -68  -80  )
( 137  49  -100  )
( 162  -112  158  )
( -119  -117  -39  )
( -43  -114  -128  )
( -6  -47  131  )
( -26  13  87  )
( -33  76  -5  )
( 45  -146  -115  )
( -84  -106  130  )
( 123  106  -139  )
( 87  -121  140  )
( 127  -61  34  )
( 59  -30  -110  )
( 111  18  -144  )
( -36  132  -49  )
( -116  -138  80  )
( -1  -51  6  )
( 164  5  52  )
( -48  -155  -175  )
( -133  -46  82  )
( 1  194  135  )
( 66  -139  1  )
( 24  -98  28  )
( 25  60  -6  )
( 15  18  -40  )
( 191  -52  15  )
( -48  -196  125  )
( 118  10  41  )
( 31  126  3  )
( 9  -128  43  )
( -8  35  -167  )
( 104  25  24  )
( 2  195  -114  )
( -103  38  -44  )
( -112  -167  150  )
( -31  -104  -157  )
( 193  138  -8  )
( -113  29  60  )
( 9  -44  -161  )
( -107  166  119  )
( -17  180  195  )
( 37  0  66  )
( -103  10  168  )
( -27  125  -138  )
( -28  162  50  )
( 41  -153  18  )
( -137  -2  59  )
( -85  -195  -89  )
( 32  7  48  )
( -30  -18  77  )
( -159  37  -146  )
( -3  32  -148  )
( 51  -191  34  )
