( -102  21  -272  )
( 151  146  260  )
( 166  316  -261  )
( -245  -266  -292  )
( 324  79  97  )
( -36  166  118  )
( -279  18  -121  )
( -253  -136  -267  )
( -266  -154  237  )
( -270  -189  114  )
( -256  107  250  )
( -7  159  73  )
( -222  -257  -111  )
( -35  -325  234  )
( -215  2  103  )
( -303  -229  94  )
( 38  -205  -47  )
( -343  196  210  )
( -232  -175  188  )
( -69  -153  -174  )
( 0  234  -303  )
( 173  -154  -289  )
( 38  -120  201  )
( -196  -242  -349  )
( -339  -295  -302  )
( -288  -105  100  )
( 312  2  -217  )
( -121  234  322  )
( -302  31  281  )
( 188  -203  -242  )
( 256  -347  300  )
( 221  318  160  )
( -176  -329  157  )
( -106  347  245  )
( 315  -69  189  )
( -300  181  138  )
( 170  -48  -0  )
( 348  284  -278  )
( 152  -324  281  )
( 119  85  126  )
( -269  -25  -142  )
( -85  -133  173  )
( -279  186  305  )
( 74  168  -189  )
( 46  151  -335  )
( -126  295  343  )
( 23  -302  -138  )
( -164  -236  227  )
( -84  -132  -348  )
( -168  -144  -45  )
( 281  -190  -84  )
( -53  -181  -236  )
( -216  185  -187  )
( 16  337  106  )
( 184  3  87  )
( -185  150  -26  )
( 172  -54  -184  )
( -305  208  63  )
( 269  21  301  )
( 310  -50  91  )
( -65  -263  -179  )
( -125  -144  -64  )
( 1  18  293  )
( -30  -24  -99  )
( 174  194  13  )
( 254  96  -99  )
( -203  -312  104  )
( 328  -283  -240  )
( -187  -280  322  )
( -331  -77  48  )
( 206  207  40  )
( -11  73  202  )
( 316  292  -93  )
( -18  84  -110  )
( 7  -91  175  )
( 132  -60  -253  )
( 237  17  -215  )
( -12  72  5  )
( -266  -79  -298  )
( -157  106  -212  )
( -231  173  16  )
( 79  -179  -145  )
( 2  -209  314  )
( 261  -91  295  )
( 42  285  -296  )
( -103  336  -144  )
( -268  -328  195  )
( 164  -4  -234  )
( 143  -30  -145  )
( 333  -214  130  )
( -213  82  78  )
( 220  -224  -326  )
( -106  -270  -2  )
( 98  27  -317  )
( -153  125  248  )
( -44  14  10  )
( -248  108  321  )
( -325  -280  161  )
( -138  295  -152  )
( 142  335  -322  )
( 179  348  -150  )
( 158  -8  94  )
( -201  -275  43  )
( -126  86  306  )
( -303  302  -231  )
( -127  186  -292  )
( 205  -258  92  )
( 1  230  -46  )
( 76  -189  -214  )
( -279  -330  -240  )
( 135  -117  337  )
( 102  -154  -175  )
( -72  84  158  )
( 111  93  229  )
( -137  312  -299  )
( -235  -134  -105  )
( 344  -152  -278  )
( -137  -18  215  )
( 78  315  110  )
( 126  239  148  )
( -9  -37  -209  )
( 294  202  160  )
( -141  224  51  )
( -127  298  -332  )
( -232  -284  -124  )
( 64  -326  284  )
( -120  -105  24  )
( 44  -99  15  )
( 259  291  -268  )
( -92  -258  -340  )
( -77  43  86  )
( -129  195  3  )
( -128  -343  -120  )
( -99  305  186  )
( 43  280  320  )
( 344  -244  -111  )
( -287  -51  17  )
( -109  326  222  )
( -287  -263  245  )
( 290  -38  80  )
( 91  15  346  )
( 286  -110  67  )
( -152  224  227  )
( -91  -205  342  )
( -223  -10  -99  )
( 61  89  188  )
( 260  14  -302  )
( 103  -71  276  )
( -131  -251  -30  )
( 325  -286  311  )
( 112  123  207  )
( -34  269  -211  )
( 39  -265  -338  )
( 98  46  -61  )
( 68  -141  279  )
( 260  -4  -70  )
( 283  -33  -246  )
( -245  -115  -39  )
( 240  -185  86  )
( 283  172  260  )
( -199  178  349  )
( 64  -291  240  )
( 104  -27  -68  )
( 243  199  -13  )
( 143  -24  -290  )
( 243  -202  -74  )
( 326  -260  -2  )
( -184  -202  -3  )
( -15  119  -111  )
( -290  -278  -312  )
( -338  -315  109  )
( 193  -48  271  )
( 163  293  -145  )
( 300  -314  -35  )
( -9  54  316  )
( -138  143  137  )
( 247  65  236  )
( -89  -247  269  )
( -230  117  302  )
( 313  113  -252  )
( 5  130  69  )
( -20  160  -199  )
( -214  329  -117  )
( -277  -191  -231  )
( 226  11  303  )
( 163  126  33  )
( 216  96  -10  )
( -340  62  126  )
( -267  217  29  )
( 254  -291  143  )
( 279  -158  293  )
( -138  -280  -326  )
( 93  -235  -268  )
( 288  229  -78  )
( 143  -44  29  )
( 154  -22  124  )
( -189  -95  -89  )
( 123  -94  -122  )
( -316  -98  -103  )
( 196  -238  -141  )
( -305  -306  227  )
( -116  -72  171  )
( 201  -162  -203  )
( 220  -175  -199  )
( 264  -299  342  )
( -338  -168  -249  )
( -286  115  195  )
( 177  -37  313  )
( 195  46  -272  )
( -100  335  -159  )
( 292  318  151  )
( -320  180  -171  )
( 21  279  280  )
( 117  -121  10  )
( 39  -88  104  )
( -299  17  288  )
( -293  -311  87  )
( 198  182  -63  )
( -182  319  -328  )
( 278  -37  -39  )
( 0  14  -78  )
( -338  -20  -137  )
( 11  -82  -195  )
( 267  -269  -114  )
( -139  -168  171  )
( -165  127  259  )
( 230  320  26  )
( 264  285  117  )
( -91  78  -330  )
( -95  -239  -220  )
( -338  147  306  )
( -284  219  -288  )
( -239  48  311  )
( -15  -173  77  )
( 167  -197  75  )
( -299  -168  261  )
( 264  -254  152  )
( 142  -263  233  )
( -299  -39  -116  )
( -322  67  118  )
( 202  -277  -301  )
( 212  -18  -122  )
( -133  279  -263  )
( -262  204  128  )
( 192  129  173  )
( -74  -25  67  )
( 83  -248  91  )
( 10  328  20  )
( 21  -48  -43  )
( -191  229  -113  )
( 245  48  -340  )
( 202  331  11  )
( -229  -194  121  )
( -59  255  -275  )
( 32  -228  -189  )
( -298  284  76  )
( 214  48  -215  )
( 238  110  88  )
( -29  -20  -44  )
( 71  -108  -88  )
( -196  321  -342  )
( -80  244  81  )
( -144  -139  346  )
( 16  -185  263  )
( 92  -213  318  )
( -211  301  49  )
( 293  -238  -139  )
( -44  280  -19  )
( 266  136  -141  )
( 166  184  240  )
( 9  -219  51  )
( 203  41  -130  )
( -213  -229  151  )
( -78  -237  224  )
( -240  0  256  )
( 94  139  -85  )
( 343  -279  155  )
( -339  274  287  )
( 313  -260  331  )
( -296  -225  75  )
( -190  149  284  )
( 93  -57  -117  )
( 328  -175  -164  )
( -174  -317  58  )
( -145  180  234  )
( 136  -276  -281  )
( 55  30  -47  )
( 330  -38  312  )
( -2  -207  89  )
( -301  -147  -231  )
( 239  182  -72  )
( -180  217  273  )
( -12  -145  -138  )
( 295  -239  -222  )
( 349  -181  220  )
( 275  -14  148  )
( -115  -230  199  )
( 143  35  82  )
( 22  344  -119  )
( 241  331  -25  )
( -286  225  -332  )
( -168  223  -57  )
( 285  -194  -174  )
( -260  -208  31  )
( -288  320  -214  )
( -259  -289  -42  )
( -257  -82  -67  )
( -101  48  3  )
( -319  196  246  )
( -214  310  24  )
( -344  238  162  )
( 70  96  113  )
( 85  282  -9  )
( 196  103  -187  )
( -260  -343  277  )
( -121  339  -66  )
( 101  -35  -282  )
( 272  234  180  )
( -62  -279  -300  )
( -37  169  75  )
( -207  49  -140  )
( 29  100  333  )
( 274  -289  -108  )
( -212  264  -312  )
( 1  -341  18  )
( 319  -117  -167  )
( 92  226  123  )
( 79  154  -308  )
( 336  -130  142  )
( 60  -186  -96  )
( -148  -336  11  )
( -278  203  -283  )
( -91  349  22  )
( -172  -282  320  )
( 146  -13  164  )
( -245  78  -236  )
( 159  -4  -237  )
( 268  131  95  )
( 213  -145  342  )
( 146  102  68  )
( -40  -31  330  )
( -243  -307  -214  )
( 300  -27  -31  )
( -134  135  -349  )
( 133  116  -33  )
( -229  105  326  )
( 161  233  -230  )
( -189  -297  216  )
( -57  75  282  )
( 71  101  348  )
( 112  78  -173  )
( 169  59  118  )
( -267  -265  -110  )
( -187  105  318  )
( 274  -39  -318  )
( 100  340  -175  )
( 132  142  -195  )
( -100  -212  -113  )
( 263  9  -277  )
( -144  -98  9  )
( 251  -333  289  )
( -177  -96  185  )
( -304  64  -35  )
( -153  224  168  )
( 38  -338  229  )
( -66  207  -165  )
( -348  -254  -237  )
( 170  -131  -321  )
( 201  -221  106  )
( -211  -22  117  )
( 45  -212  330  )
( 73  45  185  )
( 299  180  13  )
( 94  38  337  )
( -6  17  -107  )
( -78  181  188  )
( 236  325  293  )
( -234  327  87  )
( 170  168  273  )
( -189  -190  -101  )
( 224  19  277  )
( -253  32  -151  )
( -308  -164  -22  )
( -337  139  -274  )
( 218  -160  120  )
( 286  135  -214  )
( 343  32  78  )
( 217  -5  -344  )
( -219  53  198  )
( 143  -298  161  )
( -307  329  -128  )
( -234  244  -273  )
( -81  -121  212  )
( -333  -86  229  )
( 179  -349  344  )
( -257  -302  265  )
( -295  -7  48  )
( 88  -206  245  )
( -11  86  331  )
( -228  -299  216  )
( -74  -268  -42  )
( -259  -155  -89  )
( -9  192  -237  )
( -158  52  260  )
( -40  184  -95  )
( 279  -87  307  )
( -252  -275  232  )
( 217  170  -153  )
( 221  232  33  )
( -220  6  143  )
( 190  -219  -238  )
( 105  -182  143  )
( 212  -131  41  )
( -293  -194  266  )
( 80  177  170  )
( 38  48  261  )
( -181  18  -346  )
( 23  315  86  )
( 254  132  -245  )
( 14  -156  89  )
( 157  -310  5  )
( -178  -125  -349  )
( -309  51  -226  )
( 161  -232  68  )
( 92  -189  -91  )
( 107  -95  -346  )
( 53  273  278  )
( -238  -113  -252  )
( 277  -28  -255  )
( -238  -147  182  )
( -306  -126  -279  )
( -320  -290  342  )
( -74  48  -28  )
( -269  -286  32  )
( 335  27  -80  )
( 155  99  -193  )
( 311  81  -222  )
( -142  -251  205  )
( -27  -21  300  )
( 74  -182  248  )
( 273  118  90  )
( 264  -21  -328  )
( -294  275  -34  )
( -307  22  -275  )
( 240  112  114  )
( 166  152  -191  )
( 9  310  -311  )
( 56  2  -169  )
( -191  -74  -347  )
( 334  -71  329  )
( 26  82  -254  )
( -349  62  -198  )
( -275  183  331  )
( 264  39  -12  )
( 133  -85  110  )
( -134  -15  270  )
( 26  -269  170  )
( 7  317  -253  )
( 158  -257  304  )
( -207  244  -154  )
( 161  -284  177  )
( -256  -218  -57  )
( 129  286  158  )
( 209  -215  -136  )
( 158  -72  -294  )
( -121  -100  -94  )
( 34  75  192  )
( 106  214  -300  )
( -220  -99  -204  )
( -133  85  -109  )
( -88  160  234  )
( -55  -252  -146  )
( 182  332  -101  )
( -247  76  92  )
( 320  38  21  )
( 349  292  -100  )
( 4  41  -336  )
( -81  184  76  )
( -206  -272  10  )
( -271  322  273  )
( -335  291  195  )
( 233  -342  -197  )
( -299  60  348  )
( 286  -314  -176  )
( -5  -171  70  )
( -249  -147  -252  )
( 265  -175  -80  )
( -55  33  161  )
( -85  280  204  )
( 15  -183  276  )
( -121  269  -294  )
( -167  -327  48  )
( -287  -249  -204  )
( -96  -175  328  )
( 119  -282  202  )
( 51  273  334  )
( -262  292  -28  )
( 324  -19  -280  )
( -273  327  107  )
( 83  -208  120  )
( 25  319  -154  )
( -218  33  17  )
( -45  -221  -233  )
( -74  -220  43  )
( 317  250  -196  )
( -329  -28  -138  )
( 11  9  135  )
( -347  -323  55  )
( 58  -81  315  )
( -177  151  76  )
( -222  191  -1  )
( -131  349  315  )
( -277  -77  -5  )
( 224  -250  255  )
( 344  234  -165  )
( 154  65  -89  )
( -68  -286  136  )
( -132  159  162  )
( 118  -17  -229  )
( -306  -248  125  )
( 200  296  240  )
( -136  -259  1  )
( -159  137  -308  )
( -326  -277  291  )
( 47  -13  227  )
( -140  -99  184  )
( 229  225  96  )
( 337  -149  -4  )
( 215  -32  277  )
( 254  -157  -342  )
( 319  61  313  )
( 249  -321  29  )
( 194  -30  -269  )
( -36  -109  -13  )
( 142  272  10  )
( -270  38  -3  )
( 203  -0  56  )
( -167  -152  3  )
( -237  -268  -102  )
( 55  -15  17  )
( 93  304  -281  )
( 282  152  345  )
( 244  1  -44  )
( 174  279  343  )
( -320  -234  298  )
( 279  307  210  )
( 239  298  -55  )
( 200  -185  -237  )
( 83  116  175  )
( -152  -65  58  )
( -4  94  -337  )
( -250  22  37  )
( 45  -285  40  )
( 224  23  109  )
( 307  262  -309  )
( -194  107  -231  )
( 143  -191  50  )
( 281  -29  159  )
( -139  -136  -322  )
( -203  110  315  )
( 309  2  -172  )
( -25  -84  206  )
( 12  -128  -231  )
( -189  94  -103  )
( -294  341  137  )
( 323  -76  281  )
( -286  115  -313  )
( 208  -154  65  )
( 109  349  208  )
( -125  97  210  )
( -262  -252  336  )
( -85  281  -176  )
( 112  -266  -188  )
( -251  -146  -161  )
( -260  74  -344  )
( 229  -344  54  )
( -176  190  56  )
( -184  -220  -124  )
( -190  -262  28  )
( -152  -52  20  )
( -297  -158  232  )
( 288  274  325  )
( 28  112  -238  )
( -85  7  298  )
( -88  -118  -29  )
( 22  -65  287  )
( 86  108  -76  )
( 306  159  269  )
( -136  -20  14  )
( 266  295  -288  )
( -171  -38  240  )
( 113  80  343  )
( -76  329  -75  )
( -208  191  243  )
( 84  -25  182  )
( -27  -174  -239  )
( 112  -56  38  )
( -135  -209  320  )
( -318  -42  -257  )
( -111  335  188  )
( -18  -275  -140  )
( -151  -331  -256  )
( 105  -243  311  )
( 332  6  308  )
( 252  -344  195  )
( 315  282  264  )
( 195  27  -257  )
( 277  -225  79  )
( -144  178  256  )
( 23  -194  20  )
( 21  194  110  )
( 61  -270  -140  )
( -126  292  340  )
( -62  240  -266  )
( -313  -77  -165  )
( -232  -18  269  )
( 155  323  -33  )
( -75  -96  -236  )
( 170  -217  -306  )
( -302  -128  155  )
( 74  9  276  )
( -65  105  73  )
( -217  127  -118  )
( -349  -157  287  )
( -228  -148  345  )
( 21  -345  -96  )
( -246  -184  136  )
( 36  -260  -291  )
( -210  97  71  )
( -260  302  41  )
( 188  -181  -102  )
( -214  -117  -280  )
( -18  -311  148  )
( -313  286  38  )
( 221  52  -166  )
( -305  83  218  )
( -99  246  6  )
( 218  -186  154  )
( -229  -274  -295  )
( 218  -274  293  )
( -151  -286  -18  )
( 167  28  -180  )
( -169  -243  254  )
( -3  -254  -158  )
( -322  -227  -48  )
( -312  235  100  )
( -261  85  -283  )
( 49  326  -324  )
( 142  -294  -345  )
( 109  -298  -32  )
( -233  -248  26  )
( 305  263  184  )
( -205  116  80  )
( -122  -150  189  )
( 314  107  -275  )
( 153  9  -193  )
( 24  282  -50  )
( -117  -296  75  )
( -320  196  207  )
( -60  -109  -28  )
( -237  123  -229  )
( -233  185  -302  )
( -223  -280  -201  )
( -23  -303  -195  )
( -79  246  228  )
( 349  284  217  )
( 233  -72  -65  )
( -150  60  340  )
( -254  -259  -301  )
( -7  113  -79  )
( 121  -169  234  )
( -189  174  -89  )
( -303  -240  -139  )
( -239  -142  310  )
( 292  210  91  )
( -88  -200  -122  )
( -61  -201  297  )
( -151  -253  65  )
( -237  41  160  )
( 262  29  21  )
( 338  336  170  )
( 256  95  219  )
( -300  83  -153  )
( 326  68  -231  )
( 220  141  -105  )
( -254  -152  203  )
( -191  -39  -72  )
( -48  312  -207  )
( 267  180  179  )
( -316  171  127  )
( -136  28  -188  )
( 346  -341  181  )
( -59  87  -302  )
( 164  -224  315  )
( -339  -298  276  )
( -156  -235  342  )
( -265  -156  75  )
( -89  -180  -328  )
( 35  225  103  )
( 209  -219  345  )
( -23  294  -219  )
( 166  -99  65  )
( -94  83  107  )
( -109  -346  -229  )
( 307  -189  200  )
( 283  -54  307  )
( 187  -205  338  )
( 230  -107  57  )
( -62  -51  211  )
( -163  175  73  )
( 16  39  55  )
( -332  301  -146  )
( 158  1  -271  )
( 149  10  307  )
( 294  -191  -340  )
( -11  -290  148  )
( 218  -83  300  )
( -335  98  -22  )
( -24  309  -90  )
( 0  72  68  )
( -8  147  -169  )
( 338  -156  208  )
( 273  -280  300  )
( 323  -211  -117  )
( -148  2  111  )
( 147  77  -211  )
( 137  219  -119  )
( 236  -165  50  )
( -226  260  5  )
( 221  -36  -177  )
( 176  132  -163  )
( -274  179  -285  )
( -220  -313  242  )
( 146  -230  185  )
( -151  191  -140  )
( -188  -71  4  )
( -346  -122  -291  )
( 70  -334  255  )
( 5  -262  201  )
( -258  94  77  )
( -167  296  192  )
( -138  -120  -257  )
( -129  -200  163  )
( -193  -196  167  )
( -208  -9  112  )
( 277  -22  130  )
( 142  -300  -305  )
( -268  -48  124  )
( -306  51  302  )
( 92  294  -348  )
( -156  -150  -167  )
( -147  -115  -271  )
( 153  -68  333  )
( 52  -274  143  )
( -270  180  53  )
( 229  99  -57  )
( 58  -290  -234  )
( -85  -11  296  )
( -37  214  273  )
( -59  -218  -321  )
( -69  -333  -104  )
( 146  344  231  )
( 70  307  304  )
( 77  230  -296  )
( -141  -222  -97  )
( 31  -114  71  )
( 207  159  -214  )
( 158  -92  -41  )
( 329  -323  -21  )
( 81  -233  -7  )
( -228  114  -327  )
( 277  -284  -255  )
( 17  139  75  )
( -20  274  16  )
( 102  -136  -5  )
( 190  328  -40  )
( 225  -301  171  )
( 302  -185  319  )
( -79  50  169  )
( 61  -239  254  )
( -179  298  28  )
( 303  292  90  )
( 246  95  178  )
( -116  -286  -325  )
( 261  27  -194  )
( -14  -326  -285  )
( 234  -313  -229  )
( -123  -266  199  )
( 325  -160  20  )
( 167  63  -212  )
( -271  35  -25  )
( -189  -205  -82  )
( 61  -168  86  )
( 294  -347  89  )
( -334  -103  -298  )
( 207  -200  -49  )
( -210  -314  227  )
( -218  -26  263  )
( 249  -69  -154  )
( -330  -109  240  )
( 333  14  -209  )
( 69  82  -308  )
( 34  157  177  )
( -175  -186  -138  )
( 340  -116  141  )
( -214  -235  -79  )
( 174  230  116  )
( 170  161  335  )
( 329  308  -246  )
( -89  -246  139  )
( 200  1  -338  )
( -172  147  -23  )
( -122  -334  -193  )
( 29  250  -89  )
( -220  -229  -43  )
( 341  307  230  )
( 86  230  -56  )
( 91  273  245  )
( 93  119  191  )
( -125  -78  -261  )
( 254  -155  321  )
( 187  -222  221  )
( 213  -133  235  )
( 97  153  -315  )
( -326  84  -185  )
( 158  -154  152  )
( 261  -283  -157  )
( 289  325  -176  )
( 104  -309  226  )
( 146  -61  -83  )
( 150  -280  182  )
( -58  -296  -238  )
( 340  327  -231  )
( -141  -47  -138  )
( 239  -342  75  )
( -5  280  -87  )
( -152  76  -109  )
( 4  -245  -252  )
( -277  65  10  )
( 316  177  -156  )
( 182  -197  2  )
( 207  -138  -302  )
( -328  232  337  )
( -85  318  174  )
( 186  41  344  )
( 269  258  309  )
( 106  -201  -320  )
( 204  -39  310  )
( 185  13  318  )
( 232  111  15  )
( 172  -212  -106  )
( -42  315  328  )
( 129  -128  103  )
( -104  -275  45  )
( 255  311  -281  )
( 272  -61  288  )
( 27  -235  209  )
( 208  197  64  )
( 30  -92  -317  )
( -292  -326  -262  )
( -270  323  -297  )
( 142  188  54  )
( 101  7  124  )
( 282  -329  52  )
( 333  41  56  )
( -182  -136  -330  )
( -342  -178  305  )
( -134  331  312  )
( -82  138  -7  )
( 29  -234  272  )
( -90  -298  308  )
( 13  57  -264  )
( -262  282  -40  )
( 5  -31  -307  )
( -271  -281  -93  )
( 329  -311  302  )
( -147  -103  -307  )
( -8  -221  70  )
( -97  327  179  )
( 266  -219  -96  )
( 50  345  0  )
( -248  311  -227  )
( 73  205  67  )
( 40  168  -217  )
( 216  -281  116  )
( -1  -78  247  )
( -212  323  214  )
( -122  102  248  )
( 5  323  292  )
( 158  -260  -334  )
( 121  -240  -27  )
( -70  187  189  )
( -205  339  245  )
( 179  -330  -199  )
( -140  -302  -104  )
( -168  -185  218  )
( -17  -109  53  )
( 52  -16  -301  )
( 241  174  183  )
( -274  -107  -285  )
( 341  -169  288  )
( 175  81  221  )
( 90  108  -83  )
( 95  152  -21  )
( 303  -305  208  )
( -228  145  -326  )
( 148  -330  -328  )
( 218  -114  -147  )
( -221  261  166  )
( -280  -342  -293  )
( -158  -57  251  )
( 154  243  313  )
( -70  60  -28  )
( 69  -336  93  )
( -338  -220  301  )
( 333  -321  -69  )
( 262  64  -345  )
( -142  -262  -324  )
( -304  -55  -346  )
( -55  -118  -206  )
( -171  29  244  )
( 119  25  -46  )
( 267  282  211  )
( -32  37  -285  )
( 108  -60  -61  )
( -174  -208  132  )
( 189  -100  -102  )
( -27  316  131  )
( -200  88  -185  )
( 147  190  -75  )
( -99  -102  -129  )
( 49  151  19  )
( 149  305  327  )
( 29  -321  298  )
( 286  -290  95  )
( 300  -43  250  )
( -222  188  321  )
( 184  228  286  )
( -10  -22  56  )
( 174  -20  -13  )
( 52  -126  236  )
( -95  -36  288  )
( 102  -79  335  )
( -222  233  331  )
( 214  -260  -276  )
( 261  30  106  )
( -50  165  321  )
( -284  349  154  )
( 184  -60  206  )
( -226  37  309  )
( 132  44  -71  )
( 42  -291  -210  )
( 168  -108  -316  )
( 119  322  30  )
( -254  -181  48  )
( -124  55  182  )
( -70  129  -178  )
( -174  -343  -172  )
( -320  192  332  )
( 316  -204  186  )
( 245  210  -99  )
( 17  -175  297  )
( 312  -287  -17  )
( -130  234  137  )
( 291  -346  -48  )
( -2  -69  335  )
( -97  -289  206  )
( 87  170  -340  )
( -67  -13  -91  )
( -306  47  -277  )
( -113  185  -291  )
( 261  -330  240  )
( 278  113  219  )
( -45  -324  -348  )
( 20  99  239  )
( -224  310  37  )
( 57  -173  189  )
( -166  96  -220  )
( 41  -175  219  )
( -222  -187  162  )
( -340  221  -38  )
( -206  -157  194  )
( -45  -70  66  )
( 347  37  -7  )
( -89  -19  -113  )
( -101  304  -94  )
( -92  249  -277  )
( -242  -330  226  )
( -214  318  131  )
( 298  215  288  )
( -317  83  -74  )
( 117  -35  45  )
( -244  -176  232  )
( 14  -37  78  )
( -272  32  -5  )
( -4  -173  -39  )
( 55  -243  125  )
( -249  -58  -47  )
( -303  -194  58  )
( -214  179  75  )
( -211  -75  18  )
( 224  324  29  )
( 292  110  -91  )
( -247  85  210  )
( 88  -33  -0  )
( 244  345  105  )
( -208  204  305  )
( 36  -91  -228  )
( 159  -341  -57  )
( -232  138  139  )
( 168  236  274  )
( -282  277  288  )
( -299  155  -215  )
( 48  -131  286  )
( 256  123  -215  )
( -82  -246  312  )
( -4  183  211  )
( -92  299  295  )
( -205  -243  264  )
( 150  -15  -170  )
( 25  -189  -144  )
( -45  11  250  )
( -329  -169  186  )
( 58  288  -222  )
( -247  204  298  )
( -158  75  82  )
( 339  303  195  )
( -1  168  6  )
( 109  -76  184  )
( -184  -55  -262  )
( -331  201  -100  )
( -87  -296  314  )
( -225  -226  153  )
( -185  -43  -78  )
( 51  265  288  )
( -0  183  -233  )
( -117  194  11  )
( -333  326  274  )
( -289  -102  -161  )
( 217  -75  185  )
( -73  280  -298  )
( 48  166  -302  )
( -104  111  -315  )
( 138  -310  316  )
( 240  304  265  )
( 37  132  255  )
( 280  120  -175  )
( 99  151  283  )
( -273  -111  -249  )
( -287  56  346  )
( -241  43  70  )
( 55  283  -332  )
( -196  332  -176  )
( -87  12  294  )
( -274  270  -338  )
( -152  132  -328  )
( -132  -335  69  )
( -182  211  -33  )
( 210  -209  -279  )
( -221  -80  33  )
( 90  -152  116  )
( 35  118  -278  )
( 80  165  -295  )
( 243  288  240  )
( 152  -187  -11  )
( 313  -212  165  )
( -308  185  -42  )
( 69  186  -263  )
( -241  -23  137  )
( 28  -148  186  )
( -328  76  261  )
( -218  -116  -65  )
( -24  22  310  )
( -60  190  -306  )
( -121  262  -232  )
( 197  15  112  )
( 285  102  -70  )
( 210  -330  227  )
( 158  157  22  )
( 86  243  38  )
( -11  242  101  )
( -203  315  131  )
( 41  138  -125  )
( -233  81  61  )
( 227  -230  265  )
( 187  43  13  )
( -35  117  166  )
( -173  -348  180  )
( -116  319  -341  )
( 243  -110  236  )
( 282  -59  -47  )
( -187  -118  346  )
( 174  296  -136  )
( 31  -128  196  )
( -39  296  81  )
( 182  -75  267  )
( 201  -325  -186  )
( -135  -16  -64  )
( -97  -186  -266  )
( 177  329  -250  )
( -177  -266  -106  )
( -304  41  42  )
( -119  -256  235  )
( 261  157  -139  )
( 244  -81  246  )
( -87  -169  -303  )
( -295  175  180  )
( 272  -293  -169  )
( 12  298  -207  )
( 85  -293  206  )
( -53  168  -250  )
( 307  41  23  )
( 14  -23  262  )
( -165  344  236  )
( -183  219  -1  )
( -212  26  -241  )
( 330  -296  -298  )
( -103  -262  -124  )
( 269  64  185  )
( 73  54  -128  )
( 44  106  -318  )
( 211  277  -47  )
( 71  348  270  )
( 315  241  321  )
( 153  268  -272  )
( 249  -28  165  )
( -73  12  230  )
( -314  -136  190  )
( -268  -217  242  )
( -339  259  75  )
( -104  -235  120  )
( -158  -49  -324  )
( -254  -157  -309  )
( -199  -23  -22  )
( -114  2  -207  )
( -107  -95  160  )
( -111  -155  -140  )
( 110  129  57  )
( 190  97  142  )
( 148  -266  85  )
( -336  144  -251  )
( 341  -207  213  )
( 172  249  129  )
( -55  -335  293  )
( 293  -145  114  )
( -260  -33  286  )
( -325  -142  221  )
( -25  -62  57  )
( -234  119  -22  )
( 161  -95  -272  )
( -187  -237  149  )
( 238  -87  -265  )
( -20  176  8  )
( 198  189  7  )
( 105  287  203  )
( -11  -173  -158  )
( 78  -92  62  )
( -13  -340  -39  )
( -64  -179  221  )
( 319  -56  245  )
( 279  -166  181  )
( 111  79  -175  )
( -186  215  185  )
( 199  -0  209  )
( 52  -253  274  )
( -39  -283  293  )
( -196  -21  17  )
( 86  -129  -208  )
( -283  -24  73  )
( 3  300  -112  )
( -250  120  46  )
( 82  -274  -79  )
( 121  -69  261  )
( -349  174  277  )
( 245  187  109  )
( 94  347  272  )
( -238  6  257  )
( -308  31  109  )
( -136  -247  345  )
( -195  191  51  )
( 195  172  137  )
( -20  345  161  )
( 2  325  -185  )
( -239  214  61  )
( 148  -100  211  )
( 77  271  -48  )
( -149  -200  135  )
( 148  -68  -146  )
( -139  -79  -63  )
( 294  315  145  )
( -53  -195  14  )
( 177  -9  -339  )
( -30  302  93  )
( 36  -213  -288  )
( 96  -40  -50  )
( -6  -73  -163  )
( -73  -83  224  )
( 90  -165  -38  )
( 284  7  65  )
( -270  58  -133  )
( 228  -130  153  )
( 252  319  23  )
( -88  -11  294  )
( -86  7  150  )
( 32  -289  -4  )
( -203  77  178  )
( -126  259  143  )
( 279  204  -299  )
( 5  135  -99  )
( 63  99  -341  )
( 9  -152  -147  )
( -288  -206  243  )
( 304  -51  70  )
( -26  127  -7  )
( -73  331  168  )
( -158  329  -58  )
( -262  319  243  )
( -247  -59  142  )
( -255  -194  287  )
( -223  -166  -122  )
( 311  113  -151  )
( 196  171  96  )
( -283  172  107  )
( 155  -326  232  )
( -121  284  -245  )
( -74  6  -291  )
( -280  -204  346  )
( -95  -45  57  )
( -298  329  312  )
( -19  211  -312  )
( 116  -5  -297  )
( 122  88  79  )
( 70  167  -2  )
( 0  -120  306  )
( 257  -342  -267  )
( 258  -0  -231  )
( -343  143  223  )
( -346  42  -46  )
( -176  289  110  )
( 46  7  -199  )
( -68  132  111  )
( -178  -254  134  )
( 151  -338  -247  )
( -254  88  284  )
( -21  4  -199  )
( -64  308  -250  )
( -303  124  -247  )
( -96  91  299  )
( -244  -122  -10  )
( -200  -263  9  )
( -288  -47  -305  )
( 71  314  -114  )
( -292  285  253  )
( -103  -116  96  )
( 348  30  -244  )
( 119  121  -174  )
( -52  -258  261  )
( 130  48  204  )
( 237  342  -209  )
( -35  -87  289  )
( -289  -124  -299  )
( -285  -262  -30  )
( 241  -107  335  )
( 223  -158  -227  )
( -294  132  -314  )
( -42  107  210  )
( 337  178  -233  )
( -136  253  -76  )
( -97  120  -139  )
( 133  42  48  )
( 99  315  273  )
( -263  176  -190  )
( -209  -170  349  )
( 306  287  -204  )
( -341  70  10  )
( -330  102  26  )
( -249  -189  -241  )
( -127  -259  181  )
( 199  206  -314  )
( -66  -179  -204  )
( -157  -343  -99  )
( -329  -223  -195  )
( -253  161  -115  )
( -46  143  296  )
( -250  296  -333  )
( -334  -113  212  )
( 215  276  -332  )
( 8  -224  -346  )
( -137  280  230  )
( -65  81  287  )
( -150  126  -138  )
( 219  131  51  )
( 139  236  -15  )
( 78  -60  -47  )
( 315  -135  245  )
( 53  146  325  )
( 299  -33  -295  )
( -195  -161  -258  )
( -182  344  151  )
( 191  -156  281  )
( 167  249  -342  )
( -228  270  -190  )
( -171  233  -14  )
( 119  238  -250  )
( 119  -177  -341  )
( -115  275  51  )
( 349  -121  -254  )
( -45  2  99  )
( -348  111  227  )
( 279  -23  119  )
( 134  -216  -43  )
( 299  78  0  )
( -70  -194  159  )
( 215  -77  -25  )
( 57  263  -203  )
( 122  73  -2  )
( 301  -134  81  )
( 181  -210  296  )
( -188  285  327  )
( -56  -72  -312  )
( 144  57  280  )
( -168  -68  -165  )
( -72  -56  347  )
( 345  -298  -94  )
( -149  -254  -247  )
( 244  -74  -163  )
( 3  -206  232  )
( -123  -114  21  )
( 146  -264  255  )
( 285  -183  -73  )
( 149  59  -194  )
( 241  -253  77  )
( 142  -97  283  )
( 140  19  -343  )
( 59  -62  -121  )
( 210  -162  246  )
( 87  253  -266  )
( -145  -120  272  )
( -39  199  65  )
( -31  -208  244  )
( -172  215  -26  )
( -52  111  -154  )
( 103  -314  3  )
( 217  -215  -190  )
( -11  45  -183  )
( 242  -94  64  )
( 87  283  167  )
( -176  -271  204  )
( -332  -342  -267  )
( -62  -208  -346  )
( -308  -48  181  )
( 246  -234  193  )
( -67  93  61  )
( 140  109  -199  )
( 323  186  71  )
( -170  -271  208  )
( -323  181  -69  )
( -314  32  214  )
( -131  -239  -122  )
( 186  -183  334  )
( 324  24  -166  )
( 316  118  -224  )
( -53  -141  -256  )
( 231  113  -57  )
( 48  348  -312  )
( -59  -258  287  )
( 34  -49  -174  )
( 198  -218  -303  )
( -274  -98  -40  )
( 208  13  215  )
( -129  162  41  )
( 216  -120  230  )
( 19  -278  -133  )
( 280  76  -140  )
( -114  37  288  )
( 158  119  -68  )
( -349  17  -94  )
( 186  -72  -294  )
( -154  -50  -23  )
( -202  -282  -133  )
( -208  326  -144  )
( -212  -247  316  )
( 266  345  -63  )
( 127  -121  -125  )
( -340  -275  178  )
( 349  -24  144  )
( 51  265  -318  )
( 336  -19  323  )
( 171  -164  -285  )
( 73  -334  192  )
( 134  -25  243  )
( 71  137  -325  )
( -101  40  -70  )
( 283  -221  175  )
( 88  271  329  )
( 120  -255  27  )
( 121  -293  200  )
( -230  -250  -297  )
( 50  -262  -153  )
( -312  -35  346  )
( -297  33  295  )
( -231  -33  -232  )
( 346  7  307  )
( 131  278  224  )
( 10  -173  -139  )
( 2  -48  -201  )
( -79  327  77  )
( 263  14  -300  )
( 217  -346  171  )
( 186  278  67  )
( 48  94  39  )
( 12  123  132  )
( 320  -311  329  )
( -266  283  347  )
( 49  242  -127  )
( 341  218  -233  )
( 164  154  302  )
( -267  76  71  )
( -219  274  322  )
( -55  273  -88  )
( 306  310  26  )
( -329  221  174  )
( 89  9  -171  )
( 272  -259  279  )
( 228  -225  117  )
( 219  -177  130  )
( -52  324  -228  )
( 210  253  -206  )
( -169  141  114  )
( 91  222  -314  )
( -318  206  -155  )
( 184  114  -227  )
( -27  293  330  )
( 230  153  -329  )
( 223  91  -210  )
( -80  212  -322  )
( -46  244  140  )
( 234  235  -40  )
( -83  249  -213  )
( -249  131  284  )
( -302  -36  204  )
( 341  287  -121  )
( 80  -295  -63  )
( -48  -283  103  )
( 96  64  3  )
( 283  -295  345  )
( -289  194  29  )
( -106  310  45  )
( 96  -270  206  )
( 275  307  146  )
( 6  -347  -11  )
( 265  -299  -329  )
( -154  164  -349  )
( -119  268  266  )
( -115  -32  170  )
( 159  -92  -313  )
( 90  -238  -78  )
( -119  55  291  )
( 146  36  3  )
( -100  20  -337  )
( -143  271  326  )
( -30  256  142  )
( 220  -24  -60  )
( 186  48  -198  )
( -202  -285  175  )
( 275  238  49  )
( -50  81  329  )
( 111  -40  -335  )
( -74  268  -305  )
( -96  -189  97  )
( -31  -26  165  )
( 92  137  -246  )
( -116  219  205  )
( 244  -230  59  )
( 64  -317  199  )
( -85  5  341  )
( 224  148  -42  )
( 279  -225  133  )
( 20  -203  -264  )
( -291  -276  -45  )
( 233  -327  -50  )
( -27  131  117  )
( 323  256  -197  )
( -32  259  -53  )
( 62  291  -294  )
( -119  -315  105  )
( 238  -73  -314  )
( 43  50  -225  )
( -251  -149  7  )
( -154  307  -266  )
( 27  270  28  )
( -203  118  -95  )
( -47  -188  128  )
( -219  244  -14  )
