( 120  310  198  )
( 115  -236  36  )
( 291  151  -191  )
( -238  -243  -338  )
( 212  284  -292  )
( -207  -233  37  )
( -150  141  -313  )
( -89  -205  -97  )
( -126  -27  154  )
( -236  12  28  )
( -152  302  123  )
( 58  126  347  )
( -70  -205  -162  )
( -293  -277  -20  )
( 133  227  -174  )
( -30  -90  -94  )
( 329  96  -311  )
( -176  72  -295  )
( -149  -246  259  )
( -266  301  -252  )
( 216  317  -3  )
( 48  -332  112  )
( -216  -93  -197  )
( 90  -81  322  )
( -254  312  -216  )
( 152  53  225  )
( -214  -132  277  )
( -208  -235  324  )
( -145  87  -200  )
( -241  -186  -221  )
( -11  -255  345  )
( 315  132  283  )
( 163  63  -69  )
( 60  72  158  )
( -145  -126  -186  )
( 89  145  -251  )
( 266  -168  316  )
( 75  -9  -113  )
( 343  -109  -238  )
( -54  -224  332  )
( 111  -346  196  )
( 9  43  313  )
( -24  180  295  )
( -135  -186  118  )
( 202  213  -3  )
( -41  93  -46  )
( -119  105  -152  )
( -158  186  -10  )
( -263  162  290  )
( 138  -184  211  )
( -1  -89  -124  )
( 32  -303  281  )
( 206  99  49  )
( 148  273  -61  )
( -81  -245  135  )
( 225  -311  -296  )
( -255  129  -71  )
( -336  -54  -169  )
( -195  -271  250  )
( 253  190  -231  )
( 14  291  270  )
( 107  214  -18  )
( 322  -7  93  )
( -341  34  -8  )
( 286  -305  258  )
( -281  318  -298  )
( -3  -199  43  )
( -258  -334  155  )
( 73  -250  20  )
( -192  18  -348  )
( 169  62  -135  )
( -51  108  166  )
( 336  -165  -111  )
( 264  198  319  )
( -67  86  11  )
( -217  -145  306  )
( -266  -342  -24  )
( -306  168  -76  )
( 99  198  -284  )
( -34  -233  -88  )
( 21  201  -189  )
( 54  326  227  )
( 195  235  -177  )
( 252  158  -304  )
( 153  203  -176  )
( -89  -136  284  )
( 52  301  -56  )
( 283  -254  25  )
( 193  -113  -107  )
( -264  77  327  )
( 201  -116  80  )
( -60  -239  -213  )
( -315  -56  245  )
( -126  347  162  )
( 45  -268  -298  )
( -242  -287  -217  )
( 113  309  72  )
( 55  89  -349  )
( 156  -329  -187  )
( 38  -149  199  )
( -308  -281  227  )
( 31  349  82  )
( 49  -243  237  )
( -72  123  -141  )
( -132  -19  -218  )
( -227  306  -312  )
( 297  42  300  )
( 260  148  -64  )
( 49  -87  -137  )
( -284  61  -103  )
( -185  -189  -247  )
( 21  225  -237  )
( -246  130  275  )
( 340  205  10  )
( -83  -100  158  )
( -168  -327  341  )
( -45  -220  -325  )
( 136  288  -169  )
( -276  251  -219  )
( 314  -244  -161  )
( -91  322  -7  )
( 280  -336  102  )
( -313  -160  150  )
( -239  -94  167  )
( -256  -91  -206  )
( 22  -215  -94  )
( 247  -326  273  )
( -193  49  -158  )
( -257  -63  59  )
( 134  -299  325  )
( -90  -2  -209  )
( 285  91  325  )
( -65  244  116  )
( -73  -11  319  )
( 195  237  128  )
( -97  -321  47  )
( -228  22  -80  )
( -295  32  203  )
( -50  333  -284  )
( -7  26  -153  )
( -312  -44  169  )
( -259  8  122  )
( -147  -190  -195  )
( 54  -4  -296  )
( 206  66  -286  )
( -117  -247  -64  )
( -28  -274  147  )
( 318  -214  -314  )
( 278  179  340  )
( -36  -215  197  )
( -338  95  255  )
( -59  -51  115  )
( -142  64  41  )
( 187  128  134  )
( 346  336  -204  )
( -126  290  302  )
( -329  -252  231  )
( 105  -2  -147  )
( -29  -112  119  )
( 80  -185  -187  )
( -211  231  -138  )
( -226  -265  -66  )
( -97  126  102  )
( -197  -333  -62  )
( -113  38  -167  )
( 62  317  251  )
( 339  -84  -129  )
( 236  -277  -309  )
( 341  159  114  )
( -128  -157  289  )
( -57  -54  -82  )
( 347  293  349  )
( -76  338  -301  )
( -96  -283  298  )
( 8  188  248  )
( 157  58  109  )
( -184  -176  284  )
( -226  129  -224  )
( 171  -153  6  )
( 181  143  164  )
( 199  -40  19  )
( -305  -101  -182  )
( -90  270  -336  )
( 125  242  -335  )
( 201  224  -121  )
( 148  -77  -162  )
( -261  -108  106  )
( -349  113  -28  )
( 126  -272  -202  )
( 300  211  -310  )
( -158  213  -291  )
( -32  -54  159  )
( 134  -82  -144  )
( -203  -24  -41  )
( -56  173  -49  )
( 304  -94  315  )
( -217  -196  -108  )
( 141  24  277  )
( 3  330  -236  )
( -288  -196  -239  )
( 203  206  1  )
( -298  -324  140  )
( -286  -104  224  )
( 185  285  -310  )
( -69  -343  208  )
( 220  -62  236  )
( -76  -101  -235  )
( -204  89  330  )
( -324  -158  -311  )
( -300  -271  -246  )
( -19  -51  -169  )
( 128  -48  -331  )
( 153  28  -177  )
( 316  196  -206  )
( 23  -285  270  )
( -112  -68  32  )
( 281  -322  55  )
( -207  277  59  )
( -166  42  302  )
( 242  -195  -259  )
( -236  -99  -328  )
( -60  -119  -240  )
( -108  -35  145  )
( 202  -266  334  )
( 255  224  6  )
( 290  -66  77  )
( 156  -121  -12  )
( 208  -298  151  )
( 290  278  -9  )
( -87  24  -106  )
( 199  90  176  )
( 38  -17  199  )
( -201  148  -182  )
( -124  -156  172  )
( -132  -122  336  )
( 289  214  18  )
( -10  -243  22  )
( -286  170  -325  )
( 41  333  -275  )
( -65  -177  -320  )
( -108  266  211  )
( -61  339  -259  )
( -226  -124  -229  )
( 164  -124  288  )
( -288  -275  43  )
( 142  236  -86  )
( -220  165  121  )
( -168  193  -302  )
( -142  -322  -235  )
( 241  285  52  )
( -27  223  -238  )
( -70  -337  312  )
( -278  348  -216  )
( 89  -328  83  )
( 197  254  -217  )
( -157  -347  -310  )
( -62  -309  143  )
( -238  -80  291  )
( 132  107  201  )
( -96  337  -170  )
( -277  -68  -17  )
( 225  222  -7  )
( -303  -308  -317  )
( -266  209  -140  )
( 182  -122  69  )
( -58  -232  -127  )
( -261  236  -168  )
( 342  343  338  )
( 254  343  256  )
( 67  -11  34  )
( -107  -10  167  )
( 104  -238  13  )
( -307  69  -43  )
( -237  214  -97  )
( 211  -47  344  )
( 43  -178  -243  )
( -163  -139  -142  )
( -164  -215  -15  )
( 141  347  -214  )
( -112  291  135  )
( 107  265  213  )
( 92  118  232  )
( 210  -12  -139  )
( -71  -141  113  )
( 233  -253  -78  )
( 140  255  -310  )
( -96  -30  -33  )
( -112  193  -189  )
( 323  -297  94  )
( -148  -333  -201  )
( 63  -65  -82  )
( -22  -24  238  )
( 310  -202  -249  )
( 83  -51  314  )
( -285  -136  -275  )
( -216  -160  -199  )
( 4  134  306  )
( -68  -159  -13  )
( 294  121  -123  )
( -65  -28  -213  )
( 136  47  177  )
( -173  -336  122  )
( -47  -146  -208  )
( 198  132  69  )
( -97  -247  265  )
( -81  -154  -108  )
( 256  197  302  )
( -220  -243  334  )
( 98  -282  -250  )
( 213  44  -286  )
( -234  143  -155  )
( 206  -111  79  )
( -251  -323  -109  )
( -144  151  23  )
( 309  256  84  )
( 236  231  269  )
( -347  -108  300  )
( 310  184  85  )
( 322  -51  12  )
( -337  87  -297  )
( 33  -249  246  )
( 290  -151  -331  )
( 228  112  -114  )
( 2  -89  169  )
( -101  209  -243  )
( -318  33  -270  )
( 199  -260  -35  )
( 333  300  344  )
( 67  -306  35  )
( 265  -101  -328  )
( -48  244  83  )
( 337  -18  56  )
( -66  257  -101  )
( 196  -185  -177  )
( 321  94  -51  )
( 337  38  222  )
( 182  304  308  )
( -33  15  165  )
( 41  -88  1  )
( -110  55  -312  )
( -152  224  -199  )
( 198  -211  -22  )
( -330  320  -134  )
( 1  183  0  )
( -166  265  -258  )
( 233  -133  242  )
( 282  -213  51  )
( -155  -57  121  )
( -14  -231  -12  )
( -67  109  -115  )
( 187  18  -129  )
( -269  -308  -127  )
( -184  302  -194  )
( 117  89  -9  )
( -183  -214  -63  )
( -104  157  79  )
( -223  -183  181  )
( -213  -342  -195  )
( -141  -307  -128  )
( 274  -63  305  )
( -295  210  93  )
( 61  -321  -134  )
( -218  308  -59  )
( -151  244  -58  )
( -342  -104  76  )
( -36  -276  55  )
( -116  -34  -20  )
( -229  -96  -256  )
( 108  -165  260  )
( -339  219  89  )
( 228  156  -178  )
( 100  219  -213  )
( 254  153  272  )
( -211  -8  -286  )
( 21  -84  196  )
( 249  -290  50  )
( 36  -3  66  )
( 179  197  124  )
( -93  101  312  )
( -286  -91  13  )
( 83  87  -40  )
( 216  143  -158  )
( 66  21  27  )
( 68  340  6  )
( -194  252  -44  )
( 342  -297  104  )
( -40  224  -19  )
( 307  -312  107  )
( 146  317  193  )
( -3  338  -38  )
( -268  197  -10  )
( 245  -197  -101  )
( 32  -108  38  )
( 55  -59  -110  )
( -60  -249  -192  )
( -109  -210  201  )
( -24  -318  -265  )
( -27  -33  21  )
( -287  -89  -306  )
( 196  -192  -162  )
( -164  -344  -338  )
( 200  242  -186  )
( -77  -277  179  )
( 217  20  138  )
( 312  32  -84  )
( -106  -172  -62  )
( -343  133  -200  )
( -271  -323  -161  )
( 108  21  -131  )
( -246  79  -229  )
( -96  -4  244  )
( 334  315  333  )
( 159  -24  229  )
( 43  295  -190  )
( -20  297  -258  )
( -92  -43  124  )
( 257  -133  -291  )
( -9  -246  -235  )
( 338  -48  112  )
( -102  31  255  )
( -169  20  287  )
( 39  141  262  )
( -72  89  -304  )
( -55  -10  344  )
( 180  -311  -309  )
( -26  -153  -120  )
( 202  -126  27  )
( -135  -342  -60  )
( 327  -230  274  )
( 218  -21  -173  )
( 142  -114  -116  )
( 113  -242  -51  )
( -145  70  88  )
( -147  -277  -255  )
( 29  -348  -60  )
( 120  293  -340  )
( -9  -44  -126  )
( 262  -131  116  )
( -267  -155  148  )
( -234  -124  305  )
( -295  -262  250  )
( 52  234  327  )
( 348  -165  -129  )
( 8  0  73  )
( 263  120  -50  )
( 273  33  46  )
( 52  7  64  )
( -274  301  -101  )
( 152  258  39  )
( 69  -177  341  )
( -131  183  -17  )
( -68  33  -207  )
( 211  16  268  )
( -64  45  -66  )
( -307  44  -304  )
( -336  -328  -36  )
( 167  60  -238  )
( -125  102  299  )
( -332  271  102  )
( 155  -248  -322  )
( 34  -127  -132  )
( -138  324  165  )
( 102  -240  -207  )
( -123  -163  288  )
( 184  98  -42  )
( 141  156  73  )
( 114  -257  312  )
( 4  -343  -152  )
( -290  299  48  )
( 209  253  205  )
( -16  149  -288  )
( 60  -115  276  )
( 262  8  139  )
( -349  33  61  )
( -142  176  -338  )
( 244  -302  -321  )
( -92  -265  101  )
( 79  -24  -149  )
( -300  -151  235  )
( -124  65  -57  )
( -168  -126  -30  )
( -210  -193  -79  )
( 159  134  -295  )
( -37  -335  -56  )
( -74  -179  346  )
( 89  -320  43  )
( 127  263  -328  )
( 99  -91  152  )
( -249  156  27  )
( -325  -105  -347  )
( 324  4  144  )
( 343  -19  324  )
( 117  -292  277  )
( 55  40  6  )
( -290  -220  -320  )
( 284  -267  307  )
( 141  120  169  )
( -53  50  -87  )
( -263  118  174  )
( 293  124  -220  )
( -331  46  -340  )
( 115  282  -74  )
( 114  13  -289  )
( -46  -210  -313  )
( -110  -273  -320  )
( -122  -9  -190  )
( 116  -110  132  )
( -77  133  -263  )
( -315  42  46  )
( 195  45  150  )
( -308  -99  215  )
( -300  -327  284  )
( 222  240  137  )
( 299  -263  -64  )
( -281  -28  -129  )
( -336  -14  -284  )
( -45  -307  -310  )
( 289  -5  -127  )
( 140  243  -281  )
( -246  155  333  )
( -321  243  72  )
( 151  -321  259  )
( -2  29  -112  )
( -321  -155  -168  )
( 269  -71  295  )
( 154  -293  243  )
( 326  -158  233  )
( -244  -117  -155  )
( -229  -211  319  )
( -181  -28  -17  )
( -296  115  297  )
( 221  80  -218  )
( 142  334  279  )
( -285  207  15  )
( -93  -260  47  )
( 343  -181  -15  )
( 332  -196  -168  )
( 93  -27  343  )
( 121  280  -73  )
( -280  233  18  )
( 118  -302  -254  )
( 213  143  270  )
( 162  164  72  )
( 331  -156  -50  )
( -292  186  135  )
( 25  74  -12  )
( -232  228  -83  )
( 272  -268  -219  )
( 121  -140  190  )
( 64  -122  70  )
( 156  137  -98  )
( -182  -342  -209  )
( -272  -201  125  )
( -248  -289  28  )
( -195  -27  -17  )
( 71  296  -243  )
( -132  315  -68  )
( -302  97  -2  )
( -125  -179  -175  )
( -170  53  346  )
( 279  288  -338  )
( 263  -146  113  )
( 130  -335  333  )
( 87  -171  -319  )
( 297  -324  66  )
( 339  299  82  )
( 9  -214  -139  )
( 74  236  -122  )
( -340  -104  266  )
( -308  191  205  )
( -256  191  -221  )
( -210  -185  43  )
( 75  16  -141  )
( -284  25  142  )
( 248  55  323  )
( -110  124  209  )
( 31  336  332  )
( -62  324  306  )
( -168  -165  -5  )
( -168  128  301  )
( -115  -42  120  )
( 299  310  -176  )
( -266  58  140  )
( -280  158  54  )
( 84  -31  -134  )
( -18  -327  50  )
( 177  83  -238  )
( -47  49  83  )
( -281  -116  96  )
( 188  252  -244  )
( 219  85  -155  )
( -281  333  -205  )
( -301  -68  -265  )
( 130  122  50  )
( 141  228  -299  )
( -316  87  156  )
( 176  -290  306  )
( -275  -19  -253  )
( -201  -37  -327  )
( -342  62  -180  )
( -308  274  264  )
( -279  -51  305  )
( 275  39  127  )
( -199  -118  -42  )
( -328  258  -61  )
( -251  115  339  )
( -98  0  -214  )
( -76  112  -338  )
( -287  18  -194  )
( -239  -75  -265  )
( 75  296  18  )
( 176  -25  -259  )
( -103  129  148  )
( 190  46  145  )
( -191  -76  129  )
( -259  -179  -248  )
( 59  -16  174  )
( 100  -63  42  )
( 181  -310  -142  )
( -290  -282  305  )
( -57  -61  330  )
( 228  276  2  )
( 13  -132  121  )
( 70  85  207  )
( -108  -12  -315  )
( 320  -251  -175  )
( 154  -127  -165  )
( -50  -265  -251  )
( -92  -191  -95  )
( -95  102  136  )
( -12  -288  -111  )
( 153  275  -313  )
( 37  105  87  )
( -90  344  -95  )
( -99  277  144  )
( 13  215  -324  )
( -114  131  -41  )
( -91  26  -6  )
( 17  311  279  )
( 298  -194  -44  )
( -225  -330  133  )
( 138  -301  167  )
( 146  -295  -79  )
( -30  320  -44  )
( -87  313  -11  )
( -101  58  62  )
( -327  163  -28  )
( 135  -283  -173  )
( 35  -39  127  )
( -58  317  32  )
( -65  -291  -157  )
( 170  -315  -289  )
( 105  97  77  )
( 301  -316  -108  )
( 114  -212  -295  )
( -31  -111  249  )
( 34  126  257  )
( -105  197  -348  )
( 18  -124  309  )
( 57  284  -130  )
( 126  103  42  )
( -181  -332  297  )
( 287  30  -260  )
( -51  49  160  )
( -43  -55  131  )
( 166  68  167  )
( -75  -271  111  )
( 162  336  -332  )
( -55  -150  -26  )
( 257  -67  -292  )
( 221  -319  -102  )
( 96  287  186  )
( -69  333  310  )
( -83  58  -24  )
( 19  317  -82  )
( 28  -146  -316  )
( 341  126  17  )
( -301  -93  260  )
( 295  279  -215  )
( 143  -114  -134  )
( -337  -26  -23  )
( 155  -229  77  )
( 221  96  302  )
( -150  99  -94  )
( 311  -300  97  )
( 21  320  -11  )
( -52  73  -201  )
( -29  -161  139  )
( -301  215  245  )
( -136  -309  -23  )
( 67  -55  225  )
( 0  186  -256  )
( 27  332  315  )
( 202  -325  305  )
( -189  -338  -316  )
( -205  -26  269  )
( 266  -314  46  )
( 239  342  160  )
( -218  233  -58  )
( -36  -218  171  )
( -264  -199  -153  )
( -8  12  -121  )
( -270  -347  -167  )
( 14  122  30  )
( -305  249  98  )
( 67  247  -57  )
( -156  -152  -173  )
( -122  166  316  )
( -231  268  -337  )
( -33  314  -188  )
( -308  339  68  )
( -129  -190  277  )
( 65  -214  -226  )
( 109  156  208  )
( 192  60  84  )
( -191  -287  279  )
( 102  -57  -113  )
( 331  -215  -265  )
( -148  -285  88  )
( 202  206  294  )
( -296  -21  -197  )
( 254  -36  -311  )
( -36  -155  -320  )
( 222  -271  325  )
( -113  -332  -75  )
( -306  270  183  )
( -11  117  339  )
( -96  248  -30  )
( -184  -189  -185  )
( -65  269  -141  )
( -255  -301  -84  )
( -132  -315  -199  )
( -121  -230  -158  )
( -260  44  -234  )
( 174  -29  33  )
( -128  80  46  )
( -254  -54  116  )
( -64  311  337  )
( 313  -42  217  )
( 162  -60  276  )
( -154  32  -304  )
( 347  271  284  )
( 155  209  41  )
( 177  -134  -148  )
( -36  153  -93  )
( -242  -170  -82  )
( -30  -32  265  )
( -259  295  -157  )
( -86  -187  9  )
( 216  36  293  )
( 208  -195  216  )
( 82  119  339  )
( -64  93  321  )
( 324  -247  105  )
( -157  274  181  )
( 108  188  -194  )
( -153  -97  79  )
( -307  -159  125  )
( -314  1  -33  )
( -1  220  -127  )
( -134  120  272  )
( -233  43  -125  )
( -298  -117  15  )
( -158  45  -131  )
( -252  -273  95  )
( -317  -232  -242  )
( 78  -98  -177  )
( -212  46  21  )
( -54  334  -262  )
( -13  -316  27  )
( 144  -322  300  )
( -100  278  1  )
( -14  323  339  )
( -312  -335  -238  )
( 252  87  -41  )
( 213  249  109  )
( -138  176  -157  )
( -25  273  -229  )
( 72  -341  214  )
( 257  -25  -224  )
( -129  -195  344  )
( 287  82  -65  )
( 181  -153  -345  )
( -305  119  137  )
( 259  -231  -18  )
( 322  -255  -286  )
( -84  -163  -151  )
( -47  -215  -146  )
( 315  -59  256  )
( 322  330  216  )
( -153  32  -346  )
( 226  -48  316  )
( -324  -288  74  )
( 78  202  -144  )
( -161  -343  -96  )
( -79  -182  101  )
( -54  92  344  )
( -248  -145  95  )
( -157  109  190  )
( 339  213  83  )
( -71  -332  -119  )
( -194  82  183  )
( -50  -326  247  )
( -302  125  -320  )
( 28  161  271  )
( 332  -0  -276  )
( -131  292  133  )
( 124  -203  120  )
( -27  311  267  )
( -231  131  40  )
( -259  -238  97  )
( 57  121  -43  )
( 160  8  21  )
( 4  56  109  )
( -17  -150  207  )
( -197  133  -64  )
( -53  73  4  )
( 256  53  298  )
( -195  55  -137  )
( -138  322  -217  )
( 320  -136  280  )
( -70  -10  -347  )
( 212  133  291  )
( 250  6  -195  )
( 268  -289  5  )
( 6  83  -309  )
( -237  262  -51  )
( 65  302  62  )
( 101  -289  91  )
( 223  -259  258  )
( 29  -138  41  )
( -266  84  67  )
( 289  -180  -192  )
( 17  75  236  )
( -267  346  -238  )
( 229  75  -210  )
( 134  189  -43  )
( 62  -188  165  )
( 95  -186  114  )
( 54  -139  -76  )
( 185  151  68  )
( -309  107  348  )
( -326  -59  -206  )
( -112  -25  98  )
( -322  82  -147  )
( 334  -195  291  )
( 242  -345  278  )
( -35  -273  181  )
( -176  292  327  )
( 228  277  27  )
( 76  -128  -109  )
( -204  207  -202  )
( -121  -258  -116  )
( 28  -20  -313  )
( -248  261  294  )
( -318  -269  264  )
( -191  -252  233  )
( -277  -181  -222  )
( -28  310  -147  )
( -88  -228  234  )
( 70  -12  -240  )
( 88  84  -284  )
( -208  -150  -99  )
( -9  -239  -324  )
( -51  4  225  )
( 222  55  -345  )
( 283  342  -208  )
( 154  61  93  )
( 326  32  -317  )
( -330  -18  -167  )
( 136  -68  298  )
( -326  -11  62  )
( 71  306  204  )
( 280  109  -226  )
( 206  -165  312  )
( 245  -281  -161  )
( -47  260  -200  )
( -204  314  45  )
( 185  82  -332  )
( 307  159  -341  )
( -86  223  -140  )
( 190  262  184  )
( 324  -55  -101  )
( -18  74  -62  )
( -341  92  -259  )
( 24  -329  -169  )
( 33  -322  -333  )
( -326  -85  8  )
( -69  -297  -282  )
( -147  18  105  )
( -254  -237  -42  )
( 319  202  -174  )
( -208  -224  -245  )
( 201  213  -99  )
( -147  -68  -61  )
( 86  -220  196  )
( -252  55  206  )
( 97  231  -33  )
( 252  -147  -335  )
( 20  -154  -255  )
( 117  321  -129  )
( 211  -91  190  )
( -8  333  -9  )
( 42  71  259  )
( -15  -137  268  )
( 11  -228  285  )
( 232  177  -257  )
( -72  88  157  )
( 168  98  256  )
( -347  -17  -289  )
( -199  -158  270  )
( -241  -177  -182  )
( -269  -8  -73  )
( -263  210  116  )
( 53  -348  334  )
( -115  180  -33  )
( 270  300  148  )
( 340  -268  -99  )
( -234  -115  -167  )
( -182  140  262  )
( 256  -91  216  )
( 288  250  65  )
( -328  98  -262  )
( -80  -232  298  )
( -324  -294  -257  )
( 220  -267  -323  )
( 263  -142  219  )
( -205  159  43  )
( 296  -283  -297  )
( 167  -235  -283  )
( 289  241  -302  )
( -301  338  -15  )
( 318  -42  -179  )
( -86  311  182  )
( 105  192  7  )
( 124  70  271  )
( -168  -195  -183  )
( -273  -336  42  )
( -217  -11  -218  )
( 265  290  -79  )
( 126  150  -127  )
( -214  87  178  )
( -119  -146  -252  )
( -257  -124  -219  )
( 45  -56  332  )
( -221  207  -1  )
( -150  64  189  )
( 112  -283  -32  )
( 112  79  -4  )
( 184  134  -311  )
( 244  226  317  )
( -307  -338  -161  )
( -3  242  337  )
( -165  -122  72  )
( 158  168  244  )
( -252  -205  -206  )
( -60  -19  135  )
( -162  -165  -325  )
( 84  346  -317  )
( -122  250  -131  )
( 275  323  -170  )
( -196  -324  291  )
( 173  274  -273  )
( -221  -212  217  )
( -170  -253  61  )
( 141  12  -108  )
( -188  -338  -182  )
( -215  -44  -182  )
( 103  268  -327  )
( -312  -329  143  )
( 4  33  -288  )
( -222  223  -227  )
( 254  92  -61  )
( -78  214  -203  )
( 33  70  336  )
( -79  -94  -162  )
( -166  177  140  )
( -87  -7  -36  )
( -108  325  -113  )
( 73  343  -305  )
( 208  -319  175  )
( 207  130  346  )
( -50  342  -129  )
( -323  280  227  )
( -250  -154  50  )
( -220  314  233  )
( -109  215  -130  )
( -27  216  -160  )
( 131  199  -208  )
( -36  -334  105  )
( -128  187  326  )
( 295  290  185  )
( 190  -230  121  )
( -193  -211  104  )
( -253  309  -277  )
( -223  -30  331  )
( 318  -93  215  )
( 152  -178  281  )
( 287  71  280  )
( 204  73  125  )
( 294  -263  -299  )
( 146  279  -88  )
( -225  -24  -330  )
( 76  214  -48  )
( 248  132  -157  )
( 27  -108  328  )
( 312  184  300  )
( 210  -242  -44  )
( -150  -126  -263  )
( -343  150  -263  )
( 206  138  -88  )
( -57  -78  160  )
( -55  337  -189  )
( -31  -60  18  )
( -285  -338  -13  )
( 343  253  288  )
( -112  -132  78  )
( -334  42  -78  )
( 242  -175  -4  )
( -141  -6  -298  )
( -213  -39  263  )
( 208  88  -166  )
( -209  17  -140  )
( 134  -321  232  )
( -230  -332  -276  )
( 103  294  196  )
( 237  21  139  )
( -41  89  241  )
( 270  -193  267  )
( -99  143  -40  )
( 157  48  -143  )
( 8  309  -20  )
( 289  -124  272  )
( -249  -218  -189  )
( 253  -249  84  )
( -66  92  -317  )
( 137  -325  282  )
( -197  224  95  )
( 24  -205  -327  )
( -277  9  207  )
( -117  200  172  )
( 49  249  -22  )
( 66  -348  -310  )
( -240  -316  13  )
( -339  -296  349  )
( 173  -300  -312  )
( 272  178  76  )
( 280  -151  70  )
( -135  -22  -64  )
( -170  45  -308  )
( 207  79  163  )
( -56  340  -130  )
( 66  -307  -121  )
( 34  -143  98  )
( 103  -62  243  )
( 79  -313  134  )
( -219  -250  158  )
( 281  232  -253  )
( 278  -255  -104  )
( -121  -269  13  )
( 82  -199  -169  )
( -342  280  153  )
( -154  -158  264  )
( 85  -300  71  )
( 138  149  -157  )
( -36  278  110  )
( -67  -142  -205  )
( -134  296  205  )
( 320  25  -99  )
( -196  2  -138  )
( -161  32  -273  )
( -117  115  140  )
( -11  -156  196  )
( -344  -277  96  )
( 277  133  16  )
( -210  333  -56  )
( 32  104  273  )
( -71  -227  285  )
( 269  337  -145  )
( -56  -225  123  )
( 96  -24  -145  )
( 280  344  16  )
( 311  -25  -66  )
( -246  -49  -34  )
( -34  327  262  )
( -191  -108  -205  )
( -7  -339  -269  )
( 199  -292  76  )
( -1  265  -182  )
( -187  -281  -304  )
( -253  144  -122  )
( 288  152  -265  )
( 200  162  175  )
( -159  -308  -75  )
( 1  -293  -316  )
( -122  -4  143  )
( -105  -161  220  )
( -245  -84  -22  )
( -241  207  111  )
( -268  -54  243  )
( 346  -122  231  )
( 31  -61  13  )
( 23  -114  -61  )
( 34  46  160  )
( -289  143  -167  )
( -49  34  317  )
( 115  167  227  )
( 87  -307  -42  )
( -53  245  -185  )
( 271  33  -304  )
( 20  -205  19  )
( 217  -61  70  )
( -127  -169  -336  )
( 116  -212  331  )
( -233  -19  241  )
( -211  225  148  )
( 125  87  65  )
( 297  -285  308  )
( 124  138  65  )
( 176  221  163  )
( -283  -110  -217  )
( -272  278  -316  )
( -271  -315  241  )
( -155  -16  -183  )
( -252  94  339  )
( 64  -303  -259  )
( -172  -78  189  )
( 34  -324  303  )
( -35  -135  323  )
( -110  338  184  )
( -11  153  113  )
( 197  204  328  )
( 239  -12  -117  )
( 111  -328  182  )
( 271  157  92  )
( 185  -32  288  )
( 124  130  255  )
( 16  -65  -240  )
( 161  5  -147  )
( -22  131  260  )
( 73  -162  86  )
( 90  -48  79  )
( -67  -256  -324  )
( -202  -41  -304  )
( 46  87  26  )
( -204  -110  -32  )
( -52  -251  116  )
( 0  -234  287  )
( 288  67  -169  )
( -181  -325  -326  )
( 290  -222  -164  )
( -342  -112  151  )
( -316  -0  -28  )
( -156  -213  228  )
( 63  -149  235  )
( -266  88  -206  )
( 110  -266  -320  )
( -33  -312  -247  )
( 174  -25  -11  )
( 265  259  -235  )
( -154  134  -221  )
( -120  152  -168  )
( -94  83  47  )
( 7  -233  -154  )
( 69  -316  -18  )
( -215  306  -208  )
( -282  205  264  )
( 159  -229  -340  )
( 79  -27  -266  )
( 202  -328  -272  )
( -216  -305  297  )
( -146  -331  31  )
( 122  -6  -217  )
( -233  -14  -27  )
( -195  105  -88  )
( -205  103  -40  )
( -323  199  -48  )
( -205  64  340  )
( 126  -102  105  )
( 104  -102  -244  )
( -303  -65  111  )
( 157  203  9  )
( 112  -176  -270  )
( 269  -151  -348  )
( 268  238  183  )
( -97  -103  -140  )
( 123  228  -167  )
( 60  210  342  )
( 52  -41  -75  )
( 87  184  -26  )
( 267  -9  -271  )
( -129  176  21  )
( 69  54  -334  )
( -140  -316  -213  )
( 259  -148  -87  )
( -231  11  -345  )
( 157  20  282  )
( 272  -264  -315  )
( 220  -101  -90  )
( 183  -94  44  )
( -226  310  14  )
( 94  -288  61  )
( 325  346  18  )
( 234  212  -145  )
( 297  95  -123  )
( 56  -116  86  )
( 237  212  -105  )
( -218  308  88  )
( 240  -35  39  )
( 242  19  279  )
( 39  -328  24  )
( 7  89  84  )
( -319  317  -145  )
( -240  -213  -32  )
( 209  208  -324  )
( 266  -247  112  )
( 145  -209  195  )
( 198  170  195  )
( -331  -225  -319  )
( -88  265  318  )
( 330  54  77  )
( 54  -60  41  )
( 41  181  -159  )
( 0  118  -141  )
( -110  254  48  )
( -107  73  -92  )
( -335  340  56  )
( 214  202  -129  )
( 176  193  -161  )
( -319  197  -129  )
( 108  -307  124  )
( -111  -212  -244  )
( 232  150  -282  )
( 301  226  -23  )
( 332  -160  113  )
( 130  290  346  )
( -346  336  -299  )
( -78  346  -142  )
( 182  205  257  )
( 175  89  -184  )
( 17  311  -76  )
( 238  167  -316  )
( -252  298  95  )
( -126  25  -215  )
( -155  -178  2  )
( -111  78  -58  )
( 323  -166  -261  )
( 33  -123  54  )
( -247  -127  124  )
( 108  -89  247  )
( -282  -164  69  )
( 123  -209  -27  )
( -13  194  129  )
( 98  348  -181  )
( 15  33  320  )
( -27  -311  -221  )
( 154  145  209  )
( -218  -184  -188  )
( 54  35  -187  )
( -46  -284  263  )
( 84  -34  -13  )
( 112  170  -46  )
( -37  -121  -318  )
( 212  -92  -46  )
( 66  335  -109  )
( 82  87  70  )
( -265  -207  -204  )
( -105  -341  -150  )
( 166  220  -151  )
( -269  -103  142  )
( -201  314  -311  )
( 14  100  88  )
( 189  254  -98  )
( -188  -159  318  )
( 79  242  297  )
( -86  -235  170  )
( 152  -200  -262  )
( -194  301  104  )
( -114  -94  167  )
( -245  229  139  )
( -72  -170  79  )
( -205  252  -193  )
( 170  -70  11  )
( 99  -308  55  )
( 22  -249  -106  )
( 53  -296  104  )
( 35  187  -4  )
( 23  -2  -42  )
( 87  -88  -256  )
( -144  288  125  )
( -107  -143  -155  )
( -313  144  84  )
( -160  25  -346  )
( 126  -98  89  )
( -186  -313  221  )
( 77  55  222  )
( 302  137  -82  )
( 306  -127  -119  )
( 342  -62  291  )
( -17  267  -189  )
( -219  133  89  )
( -342  25  -172  )
( 298  292  257  )
( 180  194  34  )
( -286  -44  -69  )
( 110  -346  278  )
( -289  303  17  )
( 86  46  -39  )
( -179  211  -32  )
( -29  324  -232  )
( 72  -3  133  )
( 65  175  -276  )
( 49  344  124  )
( 165  -11  -70  )
( 9  -227  234  )
( -108  135  103  )
( 84  328  212  )
( -271  63  301  )
( 337  -186  254  )
( -3  9  -141  )
( -67  -1  336  )
( -343  228  288  )
( 76  -18  -247  )
( -328  171  -205  )
( -114  128  -90  )
( -94  -186  -132  )
( 12  269  -250  )
( 331  35  321  )
( 221  259  -122  )
( -65  349  66  )
( -322  284  138  )
( 110  42  -213  )
( -142  4  -279  )
( 309  -127  173  )
( -103  -74  -36  )
( -209  -320  -315  )
( 42  -191  324  )
( -89  229  90  )
( -211  -177  -31  )
( 95  -192  64  )
( -63  265  155  )
( 29  345  -317  )
( -14  138  253  )
( -157  -266  -334  )
( -137  -84  -269  )
( 50  -151  124  )
( -331  -295  142  )
( -346  171  -211  )
( 5  -85  232  )
( -245  -332  -309  )
( -330  -94  208  )
( -332  66  -34  )
( 316  -210  -342  )
( -241  -263  210  )
( 166  333  -114  )
( -1  22  -205  )
( 143  95  59  )
( 147  26  -116  )
( -127  -88  332  )
( -39  275  -162  )
( 305  -100  34  )
( 160  -153  255  )
( -310  -153  -304  )
( 280  -165  192  )
( 145  -165  -170  )
( -60  301  -6  )
( 294  99  235  )
( -336  -41  72  )
( 212  256  -134  )
( -255  -144  -246  )
( -141  -313  88  )
( 163  -80  -151  )
( -337  -95  -302  )
( 133  -15  318  )
( 342  -82  5  )
( -340  -6  -322  )
( 149  143  244  )
( 109  79  310  )
( 118  -280  309  )
( 331  -199  169  )
( -151  149  197  )
( 132  -21  -104  )
( 157  -158  92  )
( -183  -200  -260  )
( -199  -201  -261  )
( -28  111  187  )
( -86  -219  -271  )
( -233  39  -110  )
( -239  -189  118  )
( -19  22  -322  )
( 16  9  -126  )
( -338  198  -16  )
( -156  195  -87  )
( 173  119  311  )
( -326  -170  14  )
( 136  -204  -347  )
( 205  -167  -201  )
( -218  67  -194  )
( 139  111  95  )
( -187  -45  307  )
( 175  287  -178  )
( -319  33  -330  )
( -162  -44  2  )
( -191  194  292  )
( 337  265  25  )
( 247  98  252  )
( -56  -297  -232  )
( 89  -153  229  )
( -221  261  167  )
( 194  261  -26  )
( 107  -235  89  )
( 0  3  -234  )
( -51  -175  -202  )
( 162  -132  168  )
( 35  -107  -222  )
( 154  138  -321  )
( -57  327  249  )
( -87  113  -8  )
( -77  41  140  )
( -139  32  190  )
( 180  197  241  )
( 173  13  153  )
( -278  195  -305  )
( -233  -197  46  )
( 195  111  -133  )
( -212  -346  259  )
( 278  266  22  )
( -12  -180  -40  )
( -7  -106  -305  )
( 242  28  -4  )
( 214  314  -18  )
( -11  246  269  )
( 195  309  192  )
( -202  159  -332  )
( 290  -40  309  )
( 57  110  151  )
( -4  158  12  )
( -52  -168  3  )
( 215  -79  -160  )
( -195  113  -258  )
( 254  -222  -305  )
( 324  -48  -54  )
( 77  -196  136  )
( 21  96  -312  )
( 189  -325  -38  )
( -285  -251  -112  )
( -15  154  214  )
( -200  -98  311  )
( 213  -86  -1  )
( 346  170  -216  )
( -73  -168  -129  )
( 84  328  -254  )
( 39  323  -67  )
( -42  -52  256  )
( 124  224  185  )
( 134  330  178  )
( 343  324  52  )
( 11  -171  -93  )
( 233  -149  -323  )
( 228  -117  159  )
( -209  -135  52  )
( 82  60  171  )
( 235  -153  122  )
( -69  223  151  )
( -93  -99  52  )
( 220  -313  -237  )
( 315  344  -38  )
( -165  193  -113  )
( -9  -43  -52  )
( 185  -206  233  )
( -291  227  309  )
( 89  -265  182  )
( 220  13  190  )
( 183  192  347  )
( -149  335  15  )
( -253  -108  -205  )
( -292  -52  -198  )
( 122  169  -284  )
( 176  133  225  )
( 255  196  170  )
( 205  -337  -234  )
( -241  63  -72  )
( 220  125  37  )
( 314  -317  -256  )
( 139  87  -289  )
( 255  171  79  )
( 62  158  -253  )
( -254  -54  226  )
( -347  124  -313  )
( -201  -58  -290  )
( -86  -181  -142  )
( 20  93  -59  )
( -232  -187  -87  )
( -155  341  23  )
