( -264  74  134  )
( -19  -122  -54  )
( -42  -120  -98  )
( 54  -244  251  )
( 211  40  299  )
( -116  -247  -267  )
( -240  12  28  )
( 144  77  267  )
( -136  -248  39  )
( 279  -243  45  )
( 146  61  -92  )
( 42  257  111  )
( -162  58  39  )
( -256  -198  -237  )
( 270  -46  66  )
( -206  -213  34  )
( 80  297  -235  )
( 36  -47  235  )
( 216  -150  -94  )
( 238  -173  -211  )
( 253  -60  -250  )
( 93  -118  -264  )
( 177  -68  250  )
( -57  -154  268  )
( 113  -149  -239  )
( -178  -17  -193  )
( -283  -156  239  )
( -277  -27  -87  )
( -90  -69  232  )
( -50  -208  230  )
( 113  255  101  )
( -60  54  50  )
( 174  155  283  )
( 16  40  25  )
( -88  -206  -279  )
( 182  3  -279  )
( 46  -45  -61  )
( -246  212  178  )
( -48  55  -101  )
( -134  -237  1  )
( -0  -123  -5  )
( -186  202  299  )
( 8  -15  -219  )
( -273  298  -109  )
( 93  -255  -273  )
( 152  225  299  )
( 299  38  289  )
( -7  199  105  )
( -50  -118  272  )
( -140  -91  -158  )
( -175  268  270  )
( -101  -232  18  )
( -103  210  44  )
( -215  66  134  )
( -65  211  2  )
( 38  73  110  )
( -193  280  257  )
( 68  178  -64  )
( -14  210  -262  )
( -236  -201  -193  )
( -168  201  -100  )
( 32  -227  59  )
( -161  235  -84  )
( 298  -95  59  )
( -200  -53  181  )
( -88  -271  -47  )
( -268  -206  -174  )
( -285  -169  113  )
( -55  -102  97  )
( -94  114  -136  )
( -204  139  -53  )
( -105  298  -86  )
( -97  -70  -262  )
( -94  -45  -167  )
( -283  -109  -121  )
( 243  35  223  )
( -231  -50  267  )
( -225  -243  279  )
( -239  -115  -165  )
( -96  76  263  )
( -117  -69  -60  )
( -106  44  87  )
( 217  -264  283  )
( -88  275  146  )
( -81  -154  -197  )
( -220  -45  -212  )
( 69  -213  -34  )
( -109  -117  -262  )
( 15  79  -167  )
( -223  86  116  )
( -223  21  -249  )
( 108  135  -199  )
( -121  244  218  )
( 38  213  -254  )
( -242  -43  -200  )
( -144  -218  230  )
( -98  158  189  )
( 154  -106  54  )
( -49  5  -15  )
( -37  88  -241  )
( -4  -100  178  )
( -282  17  -296  )
( 251  -272  -214  )
( -86  -42  130  )
( -225  -220  94  )
( -196  138  -43  )
( 106  -158  -137  )
( 262  52  -85  )
( -234  -177  -265  )
( -219  -8  -241  )
( 120  220  -174  )
( -235  30  119  )
( 266  -237  176  )
( -203  70  -219  )
( -202  108  198  )
( -33  36  215  )
( -177  -96  -296  )
( -208  148  12  )
( -142  -281  297  )
( -60  17  206  )
( -240  -103  18  )
( -143  -147  -186  )
( -186  181  160  )
( -165  296  103  )
( 53  -153  195  )
( 293  114  -277  )
( -1  -105  186  )
( -174  -66  32  )
( 243  263  176  )
( -180  158  113  )
( -139  -276  -271  )
( 164  20  -256  )
( -286  273  -173  )
( 6  99  -125  )
( 40  -222  -73  )
( 205  -242  -23  )
( -126  -42  -170  )
( -28  -42  50  )
( -147  55  102  )
( -35  -37  284  )
( -1  114  -4  )
( -58  190  -273  )
( -276  20  173  )
( 58  -39  -207  )
( 22  -78  127  )
( 24  -25  -146  )
( -129  -58  -166  )
( 161  -88  -120  )
( 256  -17  1  )
( 73  -111  196  )
( -100  -119  -126  )
( 292  249  135  )
( 160  102  159  )
( -286  4  194  )
( 234  195  33  )
( 276  95  259  )
( 137  -121  155  )
( -43  -131  -235  )
( 284  -160  74  )
( 283  158  67  )
( -70  106  204  )
( -113  128  -17  )
( -70  280  -169  )
( 74  159  -158  )
( 182  206  -24  )
( -291  -199  187  )
( 262  94  277  )
( 88  293  -294  )
( -91  271  249  )
( 75  -213  -217  )
( -189  289  213  )
( -144  -165  -94  )
( -102  -114  4  )
( 146  108  3  )
( -114  138  -140  )
( -249  154  62  )
( -87  -291  231  )
( -176  33  -147  )
( 272  -139  -118  )
( 295  -245  177  )
( -162  134  -81  )
( 108  291  49  )
( -14  -182  39  )
( -218  171  273  )
( 297  112  -188  )
( -142  -49  -143  )
( 266  196  162  )
( -274  -74  213  )
( -243  -96  -4  )
( 203  -172  -123  )
( -188  -115  -176  )
( -134  275  208  )
( -29  -233  -79  )
( 163  193  151  )
( 115  -107  -97  )
( 264  -73  -224  )
( -170  115  -111  )
( 241  -265  -113  )
( -163  -53  140  )
( -84  185  -119  )
( -188  219  -263  )
( -240  221  -292  )
( -97  289  -14  )
( -137  11  280  )
( -180  -244  249  )
( 290  261  -233  )
( -159  130  -29  )
( 128  38  91  )
( 154  225  186  )
( 236  -109  46  )
( 229  120  193  )
( -267  -286  102  )
( 77  6  -166  )
( -29  -27  -298  )
( -166  -44  271  )
( 11  207  -121  )
( -165  -225  -196  )
( -14  -206  -56  )
( 254  99  -184  )
( -241  -111  60  )
( 112  -61  198  )
( 288  -136  -58  )
( -288  183  295  )
( -224  -157  216  )
( -10  27  -7  )
( 44  130  1  )
( -268  34  -264  )
( -51  -172  -282  )
( 28  -114  -109  )
( -133  298  110  )
( 282  182  -117  )
( -57  81  3  )
( -297  81  223  )
( -76  -24  104  )
( -228  -62  156  )
( 284  -239  144  )
( 115  -43  37  )
( 291  -195  -157  )
( 205  -248  15  )
( -121  -287  -61  )
( -253  -5  -148  )
( -116  52  270  )
( -196  95  78  )
( -78  -149  -282  )
( -155  55  -2  )
( 45  -209  -77  )
( 262  22  182  )
( 27  -216  72  )
( 228  138  -193  )
( 2  -136  204  )
( -155  -79  133  )
( -292  119  44  )
( -114  273  -123  )
( 233  293  -278  )
( -25  -286  -118  )
( 242  89  -212  )
( -199  273  112  )
( -149  -222  -214  )
( -83  48  203  )
( -176  285  -257  )
( -297  10  -179  )
( 127  85  232  )
( 188  -60  16  )
( 280  -38  -236  )
( 200  170  -113  )
( -199  37  -44  )
( 138  -66  4  )
( -237  -25  291  )
( -274  -252  -159  )
( -92  -71  210  )
( 28  159  -61  )
( 78  82  -229  )
( -60  -218  -21  )
( -67  273  -17  )
( -131  65  83  )
( 130  -299  248  )
( -112  -293  248  )
( -111  -180  -151  )
( 233  189  102  )
( 75  -218  -209  )
( 282  99  134  )
( 148  -234  32  )
( -89  144  -54  )
( 87  156  282  )
( 216  13  191  )
( 230  246  -87  )
( 252  255  278  )
( 98  166  176  )
( 140  -245  -230  )
( 64  -27  214  )
( 193  -119  84  )
( -285  2  -154  )
( -74  -15  -127  )
( -203  -285  -159  )
( 173  -135  201  )
( 164  -173  -132  )
( -51  -96  187  )
( 223  25  -203  )
( 125  75  -57  )
( 145  -56  -89  )
( -51  -118  -94  )
( -162  88  -237  )
( -69  -22  83  )
( -40  277  128  )
( 187  -56  4  )
( 245  -43  138  )
( -8  147  -262  )
( -5  -253  -281  )
( -93  -100  -180  )
( -240  151  -36  )
( -117  -1  75  )
( -249  111  278  )
( -226  276  88  )
( 8  -212  13  )
( 94  72  -8  )
( 258  65  -146  )
( -172  26  -288  )
( 37  43  -45  )
( -168  143  15  )
( 42  122  128  )
( 135  168  -94  )
( 186  103  -252  )
( 66  264  -171  )
( 131  -116  188  )
( -50  295  -141  )
( 177  111  -207  )
( -242  160  41  )
( -140  -141  292  )
( 257  -94  152  )
( -196  -93  -176  )
( -109  -1  263  )
( -47  -58  243  )
( 10  -191  2  )
( -294  120  -37  )
( 289  -201  -228  )
( -299  -145  -54  )
( 0  -292  20  )
( 36  136  104  )
( 270  -208  -255  )
( 119  -43  229  )
( -278  285  127  )
( -23  152  244  )
( -167  79  -268  )
( -86  -208  -165  )
( 22  -206  276  )
( 218  -98  -133  )
( -255  -103  295  )
( -77  -224  264  )
( -241  148  267  )
( -152  -257  50  )
( -229  -252  -243  )
( -285  -185  -16  )
( 86  116  38  )
( 173  35  136  )
( 233  -4  198  )
( 134  -189  -199  )
( -276  42  113  )
( -135  160  152  )
( 84  -203  -117  )
( -96  113  -204  )
( -23  296  -154  )
( 40  226  119  )
( -36  289  -267  )
( 22  193  7  )
( 178  -232  130  )
( -89  83  77  )
( 167  -74  88  )
( 235  -216  -34  )
( -134  39  -274  )
( -84  254  155  )
( -73  -68  83  )
( -127  -232  -53  )
( -185  -114  -65  )
( -102  -86  243  )
( 51  -146  -269  )
( 94  50  -56  )
( -116  289  166  )
( 46  86  102  )
( 194  -0  185  )
( 216  249  -127  )
( -111  172  31  )
( 212  63  -27  )
( -265  42  -137  )
( -167  -86  -71  )
( 287  195  -108  )
( -49  -122  -25  )
( -76  -231  -39  )
( -272  -276  -100  )
( -288  -162  97  )
( -38  -291  299  )
( 160  77  174  )
( -169  -287  154  )
( -114  -49  16  )
( 40  -218  -7  )
( 212  95  -226  )
( -65  125  156  )
( 107  -45  271  )
( -35  94  150  )
( 241  -53  21  )
( -155  -247  -39  )
( 142  73  5  )
( 157  179  -133  )
( 148  -165  -184  )
( 194  210  -52  )
( 69  70  -121  )
( 247  153  122  )
( 87  262  261  )
( 273  -223  -215  )
( -41  241  -0  )
( 24  204  -61  )
( 48  -161  210  )
( -20  196  -167  )
( -278  -248  190  )
( -63  296  169  )
( -215  89  -188  )
( -112  261  2  )
( 288  55  -19  )
( -23  173  -74  )
( 121  99  252  )
( -140  45  180  )
( -267  -105  57  )
( 186  -227  55  )
( -247  -167  111  )
( -73  -177  -124  )
( 270  224  -42  )
( -264  -84  226  )
( 257  -236  140  )
( -71  -84  236  )
( 297  -34  289  )
( -235  56  120  )
( 174  -204  -103  )
( -212  -15  -76  )
( 154  -83  19  )
( 142  -22  294  )
( -122  200  277  )
( 133  71  102  )
( -136  220  -152  )
( 273  -199  -166  )
( 90  -262  -117  )
( -228  -291  -230  )
( -229  171  -288  )
( -166  -155  -78  )
( 182  -31  -179  )
( 91  -217  81  )
( 285  -87  -207  )
( 79  -125  -161  )
( 8  166  -251  )
( -19  143  188  )
( -257  -181  -32  )
( 89  -187  -262  )
( 100  -98  95  )
( -100  -115  -95  )
( 61  -63  231  )
( 53  -128  182  )
( -216  60  85  )
( 239  179  -193  )
( 115  29  -80  )
( 7  -182  -137  )
( 107  188  22  )
( 14  137  -253  )
( 203  87  -264  )
( -100  262  146  )
( 215  -35  227  )
( 258  119  -53  )
( -194  -36  21  )
( -249  -151  251  )
( -130  -90  -26  )
( 57  253  -199  )
( -285  19  -211  )
( -197  194  253  )
( 38  283  -235  )
( 109  -289  221  )
( 174  -244  -280  )
( -60  283  217  )
( -243  -110  204  )
( 27  -166  -168  )
( 284  157  213  )
( 228  -251  -0  )
( -262  277  89  )
( 125  120  -148  )
( -275  -272  219  )
( -152  23  -190  )
( 53  -283  -1  )
( -208  238  72  )
( 154  -260  -140  )
( -236  137  -287  )
( 13  117  168  )
( -122  -8  282  )
( 234  242  218  )
( -174  -131  -175  )
( 124  -221  96  )
( -296  23  31  )
( 160  166  120  )
( -23  -79  293  )
( -179  70  74  )
( -204  205  163  )
( 272  119  -291  )
( 11  67  -195  )
( 141  -195  284  )
( -236  64  -294  )
( -184  -131  25  )
( 247  -162  -95  )
( -228  -166  50  )
( 216  128  106  )
( 216  -273  -201  )
( -86  10  209  )
( -151  170  175  )
( 0  171  197  )
( -43  181  173  )
( -48  13  208  )
( -110  -39  53  )
( 155  -135  -167  )
( -102  -75  -146  )
( -299  -76  -110  )
( -172  -269  209  )
( -241  151  98  )
( 11  -292  -62  )
( -215  210  35  )
( -118  -88  -188  )
( 134  -76  -42  )
( 38  -26  45  )
( -290  189  285  )
( 163  139  -81  )
( 288  65  90  )
( -167  136  45  )
( -143  -134  -135  )
( 14  167  296  )
( 106  -259  -156  )
( 151  223  -202  )
( -47  -81  220  )
( 64  75  -101  )
( -1  151  298  )
( 61  -40  157  )
( -114  18  274  )
( -17  -60  -201  )
( -132  60  31  )
( -259  22  84  )
( -113  225  -205  )
( -70  222  184  )
( -280  -61  -238  )
( -50  -285  198  )
( 295  187  -188  )
( 245  -255  41  )
( 225  46  -37  )
( 96  151  230  )
( -124  131  -283  )
( -125  285  1  )
( -45  296  294  )
( 298  218  -244  )
( -44  -129  -262  )
( 235  153  -41  )
( 196  245  190  )
( 97  -243  -276  )
( 101  110  -97  )
( -44  -241  -145  )
( 208  182  -91  )
( 148  -178  21  )
( 175  7  207  )
( -233  208  -168  )
( 52  -154  289  )
( 92  -34  170  )
( 224  99  208  )
( -66  -265  -117  )
( 0  -16  -270  )
( 265  49  295  )
( -57  217  -180  )
( -235  -156  -262  )
( 266  -4  -16  )
( -32  -227  78  )
( -71  -236  185  )
( -169  77  -25  )
( 151  -270  -114  )
( 212  -226  -49  )
( 211  23  -244  )
( 191  -231  -16  )
( -287  186  -212  )
( -178  27  -252  )
( 210  199  -211  )
( -104  -134  96  )
( -166  -131  -59  )
( -210  200  259  )
( 184  -146  181  )
( 254  -115  267  )
( 28  -98  -129  )
( -253  -5  69  )
( -103  120  -253  )
( -299  -42  162  )
( 138  -212  -109  )
( -208  72  116  )
( -249  217  148  )
( 111  -244  136  )
( -88  -29  -40  )
( -278  -228  85  )
( 236  140  -10  )
( -292  157  -80  )
( -202  -144  -210  )
( -247  129  10  )
( 177  -273  -215  )
( -249  -46  -103  )
( 192  -269  125  )
( 236  -184  14  )
( -7  174  185  )
( -17  -79  -299  )
( -127  -169  -288  )
( 92  -120  61  )
( 251  -195  50  )
( -28  -121  24  )
( 149  -294  -40  )
( 11  -84  0  )
( 158  5  -202  )
( 184  265  -277  )
( -231  -91  -157  )
( -195  286  -225  )
( -44  180  -218  )
( 141  246  43  )
( 103  -9  27  )
( 278  193  -75  )
( 203  62  -17  )
( -131  115  -23  )
( 30  296  -193  )
( 240  196  -278  )
( -79  -134  -152  )
( -33  -43  -137  )
( -2  174  130  )
( -280  -46  143  )
( -249  229  280  )
( -132  288  215  )
( -257  -276  -75  )
( 17  298  77  )
( -103  -74  60  )
( 112  -4  -155  )
( -265  -280  210  )
( -121  -214  153  )
( -132  221  112  )
( -118  178  -81  )
( -257  219  -246  )
( -272  260  177  )
( -106  -28  -247  )
( -262  105  -283  )
( 136  195  286  )
( -204  -46  90  )
( 21  86  -84  )
( 294  -135  38  )
( -10  92  -26  )
( 162  196  -96  )
( -129  113  222  )
( 261  -136  -281  )
( 71  212  -172  )
( 172  88  -201  )
( -275  113  -245  )
( -44  -145  -275  )
( -259  -123  9  )
( -221  238  -210  )
( 170  202  109  )
( 263  -260  -91  )
( -284  -212  47  )
( 92  -149  100  )
( 150  169  287  )
( -223  -244  -86  )
( -22  292  -92  )
( 275  152  -189  )
( -218  -285  -8  )
( -35  -180  -113  )
( 248  254  129  )
( 261  -286  130  )
( 15  -16  -289  )
( 202  -18  -290  )
( -10  114  108  )
( 162  169  227  )
( 3  -31  121  )
( 230  -44  -88  )
( -127  -101  -156  )
( -50  -60  -10  )
( 92  116  37  )
( 101  -251  -248  )
( -65  -69  226  )
( -82  231  -286  )
( 18  259  48  )
( 285  -289  173  )
( 211  -105  -176  )
( -47  -173  145  )
( 63  -152  -33  )
( 18  -7  208  )
( 25  1  152  )
( -93  52  -141  )
( -157  135  -255  )
( 86  205  0  )
( 117  -146  92  )
( 34  -47  13  )
( -187  101  -5  )
( -270  -22  13  )
( 196  230  -177  )
( -194  18  275  )
( 49  274  107  )
( -107  -8  -234  )
( 270  35  -9  )
( 48  -133  -210  )
( -125  -198  124  )
( 258  -127  -81  )
( -157  213  -90  )
( -209  180  -13  )
( -117  151  -66  )
( 277  -13  99  )
( -231  259  35  )
( 61  -123  142  )
( 117  -159  -62  )
( -74  -144  -42  )
( 210  -68  16  )
( -89  -97  296  )
( -54  135  181  )
( -129  -152  -134  )
( 72  -214  251  )
( 25  66  4  )
( -195  32  77  )
( -231  -52  28  )
( -20  -294  -12  )
( 282  234  -276  )
( 26  5  121  )
( -233  -41  -240  )
( -62  -294  37  )
( -77  -218  264  )
( 245  75  -31  )
( -4  -264  -30  )
( -80  -49  -55  )
( -54  238  169  )
( -25  9  -197  )
( 34  266  114  )
( -179  63  -295  )
( -15  -156  208  )
( 287  -18  -298  )
( 41  193  178  )
( -63  89  -298  )
( -6  -89  -20  )
( -42  215  70  )
( 152  -266  -139  )
( 80  -71  116  )
( 2  115  -238  )
( -88  274  85  )
( -259  150  162  )
( 66  38  261  )
( -83  0  9  )
( 210  250  266  )
( 144  22  244  )
( -245  -209  -169  )
( 299  178  -20  )
( 206  -270  -174  )
( 117  -221  -124  )
( -250  50  269  )
( -231  244  94  )
( -286  117  -98  )
( -139  -283  -49  )
( 291  -270  -7  )
( 218  -242  -53  )
( 182  -129  4  )
( 278  -60  111  )
( -75  149  -209  )
( 62  -113  228  )
( -66  -287  -164  )
( 63  159  68  )
( 141  -70  -285  )
( -217  -252  251  )
( -44  175  -205  )
( 84  -270  -297  )
( -262  138  -125  )
( -11  -95  -185  )
( -207  272  -22  )
( 160  194  -7  )
( -88  -2  -171  )
( -185  -108  -230  )
( -191  -291  94  )
( -258  -167  -176  )
( -17  -8  -184  )
( 22  -108  -18  )
( 57  129  205  )
( -190  256  266  )
( 237  281  160  )
( -54  -292  18  )
( -29  218  15  )
( -79  287  14  )
( -74  -158  -212  )
( 112  -272  -142  )
( -95  -238  -56  )
( -253  192  -86  )
( -92  -224  -285  )
( -110  -39  -80  )
( 58  26  176  )
( -237  -19  106  )
( -59  35  -115  )
( -88  -288  208  )
( -43  153  203  )
( -81  -296  -157  )
( -114  -3  -299  )
( -39  256  29  )
( 75  -200  -40  )
( 256  138  295  )
( 42  -84  -107  )
( 198  -113  -30  )
( -134  -161  212  )
( 169  34  -223  )
( -119  -17  -0  )
( 210  182  9  )
( 287  -139  129  )
( -114  31  5  )
( -194  -140  -106  )
( 289  -29  70  )
( 29  172  37  )
( -262  94  -77  )
( 116  -211  -6  )
( -60  0  -214  )
( -216  -61  47  )
( -123  79  143  )
( 51  -69  117  )
( 280  103  -172  )
( 268  -79  110  )
( 147  -241  290  )
( 156  26  106  )
( -86  -160  125  )
( 73  -244  -76  )
( 157  -31  -188  )
( -50  -108  -62  )
( 148  -23  168  )
( 8  -133  4  )
( 167  -175  172  )
( 58  30  266  )
( 85  53  222  )
( -258  262  115  )
( -282  -22  -139  )
( -181  14  -250  )
( 109  -274  170  )
( 80  -170  154  )
( 257  0  -158  )
( 117  -264  64  )
( -187  -194  79  )
( -255  -149  -135  )
( -227  -291  119  )
( -154  -142  -184  )
( -14  136  297  )
( 254  124  246  )
( -112  115  37  )
( -235  -26  -150  )
( -37  -170  -262  )
( 167  -215  -65  )
( 196  22  242  )
( -193  -35  -44  )
( -217  105  177  )
( 19  -108  144  )
( -294  190  281  )
( -189  -20  -196  )
( 219  -148  11  )
( -149  153  99  )
( -170  -114  198  )
( 62  -182  213  )
( 202  -121  130  )
( 11  91  -274  )
( -178  63  185  )
( -6  -208  -49  )
( -233  -277  136  )
( -143  268  -238  )
( 24  -150  -79  )
( 110  236  -292  )
( 180  -22  213  )
( 72  -130  -293  )
( -4  -129  3  )
( -125  -29  162  )
( -267  -160  194  )
( -255  -121  -276  )
( 130  -122  -160  )
( -72  94  190  )
( 171  -262  10  )
( -185  -88  44  )
( 89  -156  18  )
( -135  -159  -98  )
( 1  -120  149  )
( -76  -143  14  )
( -97  74  -108  )
( 109  -77  280  )
( 186  -177  153  )
( 208  237  235  )
( 91  -43  -88  )
( -187  -147  274  )
( 289  -202  -70  )
( -176  187  -250  )
( 87  -272  -64  )
( -1  -203  293  )
( -142  -93  97  )
( 199  -211  286  )
( -247  -71  -103  )
( -182  224  -203  )
( 241  230  183  )
( -263  205  -39  )
( 129  4  -242  )
( -270  44  -185  )
( -178  182  153  )
( 125  -29  93  )
( 221  224  40  )
( -165  262  -270  )
( -101  -103  -159  )
( 188  -34  -289  )
( 242  -171  -176  )
( -90  -48  -55  )
( 180  -68  -264  )
( 283  206  270  )
( -256  -252  289  )
( -127  152  -129  )
( 289  298  -223  )
( -227  -48  30  )
( 243  -80  -36  )
( -219  -250  -42  )
( 81  94  287  )
( -1  -74  245  )
( -288  32  -20  )
( 285  -151  137  )
( -284  116  -120  )
( -126  2  -78  )
( -53  -44  62  )
( 50  -246  283  )
( 199  -141  297  )
( 51  267  -14  )
( 235  -272  289  )
( 230  288  -211  )
( 201  177  -128  )
( -95  -149  191  )
( -206  219  -242  )
( 139  -206  -241  )
( -119  273  -73  )
( 18  -236  47  )
( -3  -139  234  )
( -4  -143  250  )
( -18  179  186  )
( 153  -146  288  )
( 280  92  95  )
( -220  -227  -108  )
( -43  53  -279  )
( -76  -186  -24  )
( 7  299  -260  )
( 16  206  -207  )
( 243  200  212  )
( -147  -124  -291  )
( -264  122  -137  )
( 20  216  -58  )
( 3  150  190  )
( 167  122  -203  )
( -96  69  191  )
( -91  188  0  )
( 143  -32  33  )
( 244  78  41  )
( -71  -46  248  )
( 297  -197  251  )
( -5  138  191  )
( 14  -243  -21  )
( -21  -132  -109  )
( -112  135  -240  )
( 76  -244  -5  )
( -200  191  -44  )
( -103  45  -71  )
( 8  -283  284  )
( 168  158  34  )
( 27  -201  240  )
( -167  -200  68  )
( 237  -119  -60  )
( -19  -165  288  )
( -197  -9  -127  )
( 246  28  140  )
( 54  -94  -22  )
( -168  -162  83  )
( 56  0  -184  )
( -145  -268  221  )
( 275  -209  -248  )
( 101  -228  -105  )
( -212  -240  183  )
( -184  43  -295  )
( 201  61  -47  )
( -279  197  -31  )
( 124  -48  47  )
( -62  -5  -227  )
( -165  118  269  )
( 273  217  282  )
( -116  -161  248  )
( 142  -92  -189  )
( -145  171  117  )
( 253  31  94  )
( 112  172  -165  )
( 213  -154  -110  )
( 286  31  -167  )
( 92  176  -171  )
( 216  282  -60  )
( -91  -288  209  )
( -110  -126  253  )
( 7  -224  175  )
( -226  168  60  )
( 92  -160  48  )
( -252  283  166  )
( 288  68  -241  )
( -140  246  -235  )
( -89  82  -2  )
( 22  -73  39  )
( -80  -286  -112  )
( -95  -5  -127  )
( -204  -133  245  )
( 29  -100  0  )
( -105  165  86  )
( 211  -115  -60  )
( -70  -68  -174  )
( -265  -274  241  )
( -124  91  295  )
( -123  -249  94  )
( 254  77  -278  )
( 235  -11  277  )
( -214  175  16  )
( -135  115  -290  )
( 14  225  -272  )
( -293  66  -21  )
( -264  -2  46  )
( 208  159  137  )
( 137  -122  -20  )
( -237  74  209  )
( -105  2  -86  )
( 66  -139  296  )
( 127  211  -126  )
( 126  -43  -37  )
( -49  247  182  )
( -188  -44  74  )
( -116  -194  -55  )
( -114  -122  253  )
( -231  23  -68  )
( -134  -199  -105  )
( 236  155  -149  )
( 214  51  0  )
( 15  190  -160  )
( -97  188  289  )
( -258  -117  66  )
( 4  -96  -53  )
( -51  127  -260  )
( 122  61  68  )
( -119  -91  49  )
( -201  -149  -102  )
( 268  154  126  )
( 281  -293  -120  )
( -13  156  -252  )
( 186  -268  -149  )
( 188  279  -247  )
( -167  -262  -183  )
( 154  -92  265  )
( -54  34  130  )
( -176  -64  -268  )
( 215  -9  -137  )
( -8  -64  -81  )
( -235  209  141  )
( 218  -34  -30  )
( -38  209  -97  )
( 255  -23  -192  )
( -121  -43  298  )
( 57  -180  -49  )
( 14  -224  -47  )
( -260  105  -194  )
( 206  -121  -36  )
( -98  -254  -95  )
( 214  206  -108  )
( 0  -94  269  )
( 247  -104  133  )
( -71  259  157  )
( -148  -163  188  )
( 153  -197  227  )
( -24  189  137  )
( -292  -68  -89  )
( -248  278  144  )
( -284  -209  -15  )
( 232  -93  87  )
( 192  132  246  )
( 277  213  -286  )
( -268  32  -56  )
( 68  105  57  )
( -8  139  23  )
( 46  -213  -221  )
( 51  94  20  )
( 115  152  -103  )
( -149  168  259  )
( 267  -37  117  )
( 136  -158  -206  )
( 162  -287  -129  )
( -295  -45  -131  )
( 291  128  -48  )
( -142  154  -241  )
( -224  158  -220  )
( -279  -257  -20  )
( -160  136  -30  )
( 152  -27  -180  )
( 114  63  28  )
( 125  -88  187  )
( -282  136  179  )
( -47  -15  200  )
( -42  16  102  )
( 78  -211  -13  )
( -22  250  -158  )
( -125  202  -260  )
( -244  120  180  )
( 23  151  72  )
( -118  174  -40  )
( -278  202  124  )
( 192  82  -91  )
( 112  -76  52  )
( -284  152  36  )
( 278  42  -11  )
( -290  30  219  )
( -11  -265  -171  )
( 48  -53  -299  )
( -110  210  -230  )
( -105  191  -98  )
( -268  -153  27  )
( 73  -97  -235  )
( 171  225  -211  )
( 240  -150  -65  )
( -86  -162  110  )
( -116  -64  -143  )
( 125  -128  -145  )
( 290  -207  134  )
( -123  36  -115  )
( -84  124  -227  )
( -10  -61  -176  )
( -57  -141  -68  )
( -207  291  156  )
( -145  -215  172  )
( 38  -64  -16  )
( -87  240  -159  )
( -185  287  148  )
( 143  -281  -212  )
( -190  -15  -226  )
( 17  212  293  )
( -293  -58  245  )
( -176  90  -131  )
( -159  104  -173  )
( -158  -139  -124  )
( 131  -275  -198  )
( -112  110  -181  )
( -286  -234  -75  )
( 111  129  -69  )
( -47  283  -6  )
( -119  199  -223  )
( -154  -132  112  )
( 257  -299  237  )
( 150  199  -154  )
( -270  -88  -22  )
( 133  -63  -97  )
( 168  -105  -297  )
( -22  -181  -95  )
( -29  -101  212  )
( -200  -130  61  )
( -275  51  146  )
( 27  212  269  )
( -210  230  278  )
( 77  90  174  )
( 151  -247  -223  )
( 40  -79  -240  )
( -1  -261  -292  )
( 48  -132  252  )
( -159  -281  73  )
( 241  107  -153  )
( -176  -174  -3  )
( -230  -53  15  )
( -299  -32  41  )
( -173  -100  20  )
( 113  192  183  )
( -234  -85  87  )
( 228  16  -51  )
( -173  -22  48  )
( 295  178  284  )
( 236  141  -158  )
( 83  275  -286  )
( 276  -54  32  )
( -150  -111  -232  )
( -175  265  154  )
( 171  -260  18  )
( -189  -185  -106  )
( 106  178  76  )
( -201  243  207  )
( -148  -138  -214  )
( 270  -100  -56  )
( -9  110  -111  )
( 260  70  -197  )
( -289  67  -7  )
( -5  -29  225  )
( -49  183  -220  )
( 114  207  -256  )
( 138  20  -231  )
( -97  133  -14  )
( -141  186  81  )
( 259  268  -90  )
( -284  128  -162  )
( 238  55  -287  )
( 191  -277  34  )
( -131  -37  163  )
( -236  239  227  )
( 259  -187  196  )
( -230  -36  -74  )
( -137  -80  115  )
( 262  67  -102  )
( 80  -125  -267  )
( 246  -278  191  )
( 296  88  233  )
( -136  232  199  )
( 108  -74  -5  )
( 58  -52  10  )
( 163  -296  295  )
( -92  258  -286  )
( 185  262  -293  )
( -208  281  168  )
( -29  -286  -206  )
( 255  217  -151  )
( -285  -13  -48  )
( 184  61  -205  )
( -122  -213  18  )
( -80  -52  50  )
( -99  236  154  )
( 234  -131  -73  )
( -172  -43  100  )
( -262  -280  -162  )
( -192  -154  -244  )
( 122  170  -82  )
( 142  -103  48  )
( 12  212  27  )
( 92  -111  213  )
( -207  29  -54  )
( -19  145  -181  )
( -162  -34  -57  )
( -100  189  -29  )
( -84  -150  -214  )
( 174  -34  163  )
( 26  -275  7  )
( -73  -45  -207  )
( 118  -12  69  )
( 268  209  -98  )
( 184  150  279  )
( 199  181  269  )
( -165  226  287  )
( -203  233  89  )
( 299  -251  126  )
( -167  244  163  )
( -207  -213  132  )
( -148  -27  -30  )
( 40  -9  -289  )
( -178  22  -179  )
( 8  271  154  )
( -254  -160  287  )
( 269  56  -110  )
( -159  45  35  )
( -208  227  107  )
( -53  -121  29  )
( 250  -293  84  )
( 205  -97  113  )
( 214  170  144  )
( 185  -242  222  )
( 83  126  -95  )
( -184  183  -78  )
( -171  266  -91  )
( -283  -123  232  )
( 216  -250  217  )
( -156  -10  34  )
( -217  49  266  )
( 100  144  155  )
( 152  70  295  )
( -53  -80  208  )
( -22  136  220  )
( -128  -0  -177  )
( -87  157  142  )
( -278  -102  -29  )
( 236  250  -137  )
( -71  39  52  )
( -186  -233  -105  )
( -105  -161  86  )
( 64  -48  273  )
( 295  -137  -172  )
( 28  67  165  )
( -46  11  195  )
( -109  -164  53  )
( -262  261  -233  )
( 0  -256  72  )
( -140  -232  -174  )
( -168  -128  -182  )
( 3  223  52  )
( -255  165  -242  )
( -163  35  139  )
