( -100  23  -17  )
( -112  -91  -84  )
( 41  -30  36  )
( -80  -119  84  )
( 72  -91  -39  )
( -88  -40  4  )
( -143  48  -128  )
( -108  102  79  )
( -35  -4  144  )
( 87  48  -28  )
( 120  -53  -85  )
( 79  -15  -76  )
( 77  121  -27  )
( -106  11  -40  )
( -66  -91  -80  )
( 124  97  52  )
( 12  9  19  )
( 67  133  46  )
( 104  -109  -50  )
( -23  108  147  )
( 127  -39  34  )
( 78  -10  15  )
( -39  -66  -1  )
( -89  -36  -121  )
( 141  -52  -127  )
( -69  -127  -144  )
( -137  -102  -64  )
( -13  -145  54  )
( -116  -32  -38  )
( -115  91  4  )
( -55  39  132  )
( 52  -141  46  )
( -40  70  -89  )
( -113  97  106  )
( 37  -93  125  )
( 70  103  -118  )
( -23  -58  129  )
( -51  138  -50  )
( 118  30  -31  )
( -145  -19  -3  )
( -23  117  32  )
( -42  83  -54  )
( 141  116  73  )
( -36  -70  148  )
( 117  -88  -135  )
( -44  -3  -85  )
( -112  81  142  )
( 70  123  109  )
( 7  -70  -15  )
( -50  -21  143  )
( -113  100  138  )
( -55  144  -17  )
( -126  -131  -141  )
( -30  -107  105  )
( -104  71  -20  )
( -139  -54  -22  )
( -43  124  -34  )
( -15  1  123  )
( -22  54  55  )
( -38  123  -99  )
( 108  118  142  )
( -51  59  10  )
( -56  -23  119  )
( -47  126  41  )
( -32  -47  -116  )
( -141  -128  -78  )
( -100  3  -120  )
( -11  -70  61  )
( 80  -126  -30  )
( -116  -57  -75  )
( 87  -101  108  )
( -73  51  -11  )
( 15  82  54  )
( 3  98  -119  )
( -146  51  111  )
( -24  38  78  )
( 105  -133  -135  )
( -102  -96  88  )
( -95  -127  -36  )
( -32  61  49  )
( -67  -3  97  )
( 136  28  -96  )
( -144  -70  41  )
( -105  123  -93  )
( 30  -82  125  )
( -88  -55  5  )
( -35  119  -130  )
( 135  125  37  )
( 29  25  52  )
( 96  -8  105  )
( 66  -127  -75  )
( 141  -129  66  )
( 4  -29  -99  )
( -11  -33  -104  )
( 49  17  -137  )
( 7  -90  -56  )
( 43  -145  -147  )
( -95  -45  -5  )
( 125  22  52  )
( 55  62  103  )
( -40  115  97  )
( 45  -47  -42  )
( 127  -147  19  )
( 93  -117  -2  )
( 49  137  -64  )
( 32  -97  17  )
( -16  35  144  )
( 24  126  23  )
( 0  -47  -10  )
( -76  113  -85  )
( -120  21  -93  )
( 104  10  -72  )
( -128  52  34  )
( -92  -39  135  )
( 36  -45  -50  )
( -141  75  -85  )
( -0  5  -29  )
( -63  20  -136  )
( -64  105  72  )
( -75  -117  54  )
( 41  -54  55  )
( 96  101  -42  )
( 92  -118  123  )
( -49  6  -116  )
( -82  -47  -26  )
( -53  114  -93  )
( -31  58  -6  )
( -13  -39  134  )
( -77  -35  -13  )
( 26  114  -5  )
( 110  -12  -51  )
( 132  129  90  )
( -32  144  66  )
( -44  102  123  )
( 68  -3  53  )
( 65  -72  123  )
( 7  139  -87  )
( -146  -73  100  )
( 110  2  82  )
( -124  -132  137  )
( -85  -106  -0  )
( -108  -26  20  )
( 47  -129  112  )
( -4  47  30  )
( -102  23  52  )
( -108  -73  69  )
( 55  -53  11  )
( -78  62  -64  )
( 105  77  -33  )
( -49  75  100  )
( -133  82  59  )
( -15  -67  147  )
( -82  125  39  )
( 89  62  98  )
( -38  -95  -22  )
( -60  -109  -3  )
( 66  -39  -112  )
( 44  2  107  )
( 12  -119  15  )
( 119  -94  -90  )
( 129  -122  8  )
( 122  74  -47  )
( -24  138  88  )
( -48  32  -1  )
( -73  8  -56  )
( -130  143  138  )
( 71  -59  108  )
( -76  -132  -44  )
( -108  128  -52  )
( -6  69  118  )
( -16  -73  -87  )
( 10  63  -123  )
( -137  -45  -149  )
( -24  89  133  )
( 62  -74  -123  )
( 58  -127  18  )
( -69  58  71  )
( 10  -73  40  )
( 48  -66  43  )
( 130  -129  -18  )
( 113  -122  -33  )
( 9  37  59  )
( -109  98  -69  )
( 114  117  5  )
( -4  -32  -113  )
( -61  -66  39  )
( 133  -38  93  )
( 75  71  -119  )
( 119  -127  -149  )
( 99  -126  -96  )
( 13  -81  98  )
( 131  -13  108  )
( 64  127  146  )
( 130  123  -94  )
( 125  -98  76  )
( -37  -64  104  )
( 34  46  -24  )
( 40  28  142  )
( -77  -117  86  )
( 149  -42  141  )
( 68  62  9  )
( -53  -42  -148  )
( -89  -6  -83  )
( 19  -124  -5  )
( 98  -9  -45  )
( -105  -50  -147  )
( -77  -99  32  )
( -137  -94  11  )
( -106  91  104  )
( -132  -118  17  )
( 12  120  67  )
( 97  -136  -78  )
( -75  -23  41  )
( -85  -40  -81  )
( -97  80  -49  )
( 79  38  -91  )
( -77  -45  149  )
( -56  1  53  )
( 51  -73  -135  )
( -96  -30  -78  )
( 11  71  -18  )
( -43  -113  5  )
( 73  43  130  )
( 149  19  -117  )
( 3  -116  -58  )
( 129  20  66  )
( -57  66  68  )
( 102  -120  8  )
( 100  -137  -74  )
( 84  93  11  )
( -85  51  117  )
( 25  36  -101  )
( -76  98  -82  )
( 78  -26  110  )
( -94  2  74  )
( -15  -36  87  )
( -68  63  -44  )
( -25  120  -96  )
( 93  -50  -61  )
( 90  -34  -92  )
( 27  106  -96  )
( -124  128  61  )
( -137  48  -123  )
( -6  -95  78  )
( -1  -45  111  )
( -31  -141  -33  )
( -141  52  19  )
( 107  108  -146  )
( 52  5  17  )
( 123  -70  -27  )
( 91  -143  -42  )
( 138  146  20  )
( -66  -82  -77  )
( 62  -85  65  )
( 9  -42  111  )
( -66  -20  -22  )
( 100  28  -117  )
( 124  -52  -51  )
( -21  -91  -109  )
( -111  89  -135  )
( 8  -108  -85  )
( -33  -77  38  )
( -46  133  -55  )
( 8  142  -139  )
( 41  -120  -38  )
( -107  92  -89  )
( -29  -88  -140  )
( 133  -74  146  )
( -92  -83  -119  )
( 102  50  129  )
( -74  108  -5  )
( 43  -68  9  )
( -109  42  -88  )
( -54  -16  -65  )
( -32  -56  41  )
( 76  -19  -124  )
( -48  -19  41  )
( 95  -17  -3  )
( 64  12  -103  )
( 101  14  -27  )
( -67  135  -90  )
( -69  10  -55  )
( 104  -147  -143  )
( -31  29  -114  )
( -77  43  -102  )
( -118  -146  141  )
( 132  93  47  )
( -42  -65  147  )
( 112  -118  -102  )
( 122  22  81  )
( -142  143  -136  )
( 108  97  24  )
( -12  -121  122  )
( -132  67  24  )
( -144  88  -128  )
( 111  -73  -140  )
( 41  119  -98  )
( -10  114  60  )
( 119  37  3  )
( -26  109  -110  )
( 104  72  119  )
( 108  136  36  )
( 18  -111  -51  )
( -98  42  99  )
( 51  -61  -128  )
( 55  -117  92  )
( -76  -103  83  )
( -34  47  69  )
( 93  -50  38  )
( 47  -110  -61  )
( -4  -129  -48  )
( 21  60  95  )
( -6  -78  82  )
( -25  -23  -10  )
( 89  -39  -148  )
( 10  144  -37  )
( -4  -20  11  )
( 29  -87  45  )
( 68  29  -132  )
( 24  -7  -140  )
( -81  102  34  )
( -20  2  -28  )
( -142  -101  14  )
( 114  -113  -30  )
( 112  17  -128  )
( 60  -31  -15  )
( 10  147  50  )
( -124  -106  66  )
( -114  77  68  )
( 61  -70  -15  )
( 122  126  91  )
( -145  12  -56  )
( -31  25  36  )
( 124  0  9  )
( -52  120  47  )
( 64  -53  95  )
( -135  81  -111  )
( -11  -118  -101  )
( -18  3  124  )
( -68  143  -8  )
( 75  58  -32  )
( 64  -7  11  )
( -102  -22  -146  )
( -130  -111  127  )
( -71  63  -142  )
( -11  -129  -43  )
( 77  -144  70  )
( -20  -7  -5  )
( 134  -15  5  )
( -55  24  -123  )
( 107  67  65  )
( 75  27  84  )
( 131  -68  -124  )
( -77  -58  116  )
( 104  98  -131  )
( 40  -96  116  )
( 46  -1  144  )
( 12  -47  146  )
( 19  -71  -36  )
( -57  111  -0  )
( -132  64  -106  )
( 40  130  -48  )
( 85  -131  -42  )
( -67  112  134  )
( -2  -134  -76  )
( 59  90  129  )
( 99  115  66  )
( -120  140  -61  )
( -49  -117  -90  )
( 20  -89  -99  )
( 128  20  61  )
( 143  -32  100  )
( 71  -74  -34  )
( -57  -109  93  )
( -14  -112  85  )
( 89  -77  44  )
( -62  -68  97  )
( -102  118  103  )
( 102  -148  -75  )
( 124  34  140  )
( -53  -55  -35  )
( 148  80  -31  )
( -32  61  -128  )
( 78  18  146  )
( -108  94  -96  )
( 15  25  -103  )
( -58  -108  -45  )
( 128  16  -102  )
( -98  -68  -149  )
( -93  10  55  )
( 0  106  -5  )
( -149  -44  -41  )
( 33  42  -93  )
( 15  -100  -110  )
( -113  44  -109  )
( 67  27  -104  )
( 100  -144  -63  )
( 101  -88  -10  )
( 71  0  73  )
( 24  127  -32  )
( -126  55  -149  )
( -55  128  -5  )
( -28  130  144  )
( 18  11  115  )
( -93  59  27  )
( -57  -66  -51  )
( 11  78  7  )
( 30  -8  102  )
( -144  -116  84  )
( -64  79  -112  )
( 97  -96  87  )
( 101  -128  -24  )
( -76  123  24  )
( 39  136  -84  )
( 24  -40  -8  )
( 14  -4  -144  )
( -56  54  69  )
( 138  -10  -71  )
( -50  -122  37  )
( 102  -69  -14  )
( 38  -16  -25  )
( 34  -132  13  )
( 86  11  32  )
( -131  64  -9  )
( -26  130  -7  )
( 55  31  -35  )
( -49  -70  61  )
( -121  78  44  )
( 107  50  6  )
( -83  -133  144  )
( 94  -149  67  )
( 121  117  53  )
( -61  55  -122  )
( -79  -47  63  )
( -54  3  -78  )
( 32  -64  123  )
( -102  -104  107  )
( 135  -145  4  )
( 64  142  24  )
( 83  -110  147  )
( -108  -139  14  )
( 119  63  0  )
( -96  -132  145  )
( 48  6  32  )
( -11  -121  55  )
( -143  -144  -19  )
( 113  -39  108  )
( -71  -1  -52  )
( -13  -54  -49  )
( -74  59  38  )
( -117  127  -126  )
( 134  -34  131  )
( -14  132  -56  )
( -99  96  -47  )
( 99  -41  -42  )
( -43  -76  -5  )
( -71  -85  84  )
( 69  -66  18  )
( -108  -70  94  )
( 111  -76  -62  )
( 110  80  3  )
( -22  -26  -80  )
( -116  126  -67  )
( -41  2  133  )
( -88  87  -101  )
( 59  114  -18  )
( 58  36  38  )
( -63  106  25  )
( 107  114  -97  )
( 84  -43  -89  )
( -121  114  100  )
( 49  -34  55  )
( 51  -5  147  )
( 50  -73  -60  )
( 144  26  114  )
( 56  -91  -23  )
( 29  110  47  )
( 75  74  -6  )
( 23  32  64  )
( 93  -74  -134  )
( -33  -89  101  )
( 39  -89  -133  )
( 48  94  -101  )
( -90  39  -132  )
( -65  -21  129  )
( 92  -31  63  )
( 90  121  1  )
( -125  -64  70  )
( -19  44  74  )
( 63  -144  131  )
( -135  -2  -133  )
( 18  -108  -36  )
( 17  -6  84  )
( -94  42  23  )
( 57  31  -143  )
( -121  50  87  )
( 61  -83  31  )
( -115  36  -4  )
( -33  92  136  )
( -54  110  5  )
( -46  -20  137  )
( 87  2  -141  )
( -90  119  87  )
( -12  49  -107  )
( -135  62  9  )
( 43  57  91  )
( 140  27  -78  )
( -126  -74  -83  )
( -5  -27  -39  )
( 17  -89  -91  )
( 124  122  129  )
( -123  -20  63  )
( -116  18  139  )
( -40  98  123  )
( -114  -135  28  )
( 49  123  42  )
( 92  -79  -60  )
( 79  25  -145  )
( -81  -37  -42  )
( 106  80  -8  )
( -128  119  -7  )
( -135  -81  109  )
( 23  -14  95  )
( 144  -58  -35  )
( 76  -75  118  )
( 67  -30  3  )
( 53  -60  31  )
( 126  -108  -22  )
( 38  28  -146  )
( -28  87  123  )
( -149  -103  -79  )
( -53  142  88  )
( 136  -138  3  )
( -122  142  36  )
( -22  -129  -65  )
( -34  79  17  )
( 96  59  23  )
( 102  96  49  )
( -13  142  -71  )
( -32  124  -100  )
( 21  -100  -82  )
( -143  84  107  )
( -86  44  4  )
( -40  0  -96  )
( 116  -24  -134  )
( 121  127  -13  )
( -147  -108  -5  )
( 123  139  33  )
( 12  -51  -5  )
( 120  3  -109  )
( -30  140  93  )
( 48  20  -5  )
( -28  27  -22  )
( -54  -128  29  )
( 8  -14  -84  )
( -6  -12  -90  )
( -69  53  107  )
( 63  11  -19  )
( -84  -119  87  )
( -122  69  105  )
( 36  70  -1  )
( -122  -114  -62  )
( -135  -89  88  )
( -53  -146  118  )
( -21  -41  -96  )
( 67  -76  142  )
( -92  -11  105  )
( 46  -129  -81  )
( -124  -39  -103  )
( -7  -93  15  )
( 139  -131  100  )
( 59  60  -19  )
( -102  -68  -37  )
( -140  -50  102  )
( -19  95  -51  )
( -67  118  -41  )
( -120  73  88  )
( 80  -14  101  )
( -107  106  -80  )
( -43  -73  106  )
( 16  -83  -32  )
( -15  -71  63  )
( 96  54  106  )
( -71  134  145  )
( 15  -113  106  )
( -65  -9  106  )
( 141  139  70  )
( 28  -86  -87  )
( 112  71  17  )
( -1  26  -71  )
( -50  -129  119  )
( 65  138  -146  )
( 101  32  67  )
( 72  87  39  )
( 126  -57  -116  )
( 10  68  144  )
( 67  20  129  )
( 31  -52  23  )
( 4  71  126  )
( -74  110  88  )
( -77  -59  -102  )
( -109  -23  -128  )
( -130  135  29  )
( 64  96  108  )
( 18  -34  -145  )
( -117  -52  -85  )
( -139  -141  119  )
( 43  120  -58  )
( 54  72  16  )
( -123  -139  33  )
( 38  5  108  )
( 148  47  -109  )
( -83  -11  -73  )
( -92  7  73  )
( -13  82  -44  )
( 38  127  140  )
( 62  -13  -37  )
( 72  -37  -90  )
( -1  -149  -127  )
( 14  -64  34  )
( 130  107  67  )
( 144  123  26  )
( -105  -138  -44  )
( -91  140  83  )
( -120  114  -41  )
( 48  126  -24  )
( 50  -14  40  )
( 103  57  99  )
( 126  -87  24  )
( 56  -133  -26  )
( -132  -28  25  )
( 87  -11  141  )
( -47  39  144  )
( 38  -44  71  )
( -79  109  -12  )
( 74  32  71  )
( -126  59  119  )
( 98  -73  -96  )
( 80  -53  -51  )
( 64  -9  -103  )
