( -10  40  6  )
( 9  -11  -19  )
( -25  37  -11  )
( 6  -42  -18  )
( 42  39  35  )
( -17  2  -7  )
( -49  -4  -18  )
( -4  32  38  )
( 31  49  34  )
( 3  -14  -8  )
( -24  44  11  )
( 33  5  38  )
( 26  25  -31  )
( -1  -0  44  )
( 25  -37  -38  )
( -2  33  35  )
( 33  -28  -36  )
( -3  8  -23  )
( 29  22  20  )
( 31  44  17  )
( 40  15  34  )
( 48  -23  8  )
( -42  -23  -24  )
( 4  12  18  )
( 29  1  20  )
( -28  -22  -11  )
( 36  -6  12  )
( 26  -10  17  )
( -39  16  41  )
( 37  -47  44  )
( -45  -7  13  )
( -13  20  -15  )
( -28  -43  -29  )
( 9  43  -48  )
( -12  36  33  )
( 24  10  28  )
( -20  -18  -33  )
( 24  28  -35  )
( -23  -38  49  )
( -29  -43  15  )
( -22  -13  -3  )
( 17  -4  7  )
( 48  4  -28  )
( -32  40  -18  )
( -3  -33  -10  )
( 12  -45  -17  )
( 40  -4  37  )
( -6  0  -25  )
( 25  47  27  )
( -48  -41  39  )
( 30  45  -8  )
( -26  -36  48  )
( 0  18  -7  )
( 1  42  -16  )
( 20  -4  -13  )
( 13  -23  -4  )
( -2  20  36  )
( 1  16  -33  )
( 5  46  -17  )
( -26  -24  -17  )
( -7  14  43  )
( -48  4  28  )
( 8  22  44  )
( -42  -24  -6  )
( -39  -33  -32  )
( -11  15  3  )
( 47  -5  39  )
( -33  -0  -15  )
( -11  24  17  )
( 39  34  -48  )
( -29  48  -17  )
( 7  -13  -4  )
( -4  42  19  )
( 43  -49  41  )
( 47  -14  -32  )
( -41  36  10  )
( 48  -49  -45  )
( 26  30  18  )
( -30  -19  44  )
( 48  -16  49  )
( -6  -0  21  )
( -1  -38  46  )
( 4  47  40  )
( -41  -16  40  )
( 19  16  43  )
( -17  11  21  )
( 10  -8  -2  )
( -40  -34  7  )
( -19  -22  43  )
( 38  15  26  )
( 17  -37  41  )
( 46  2  11  )
( 9  10  -35  )
( -6  -39  -0  )
( -0  -11  -37  )
( -38  1  -39  )
( -11  -30  -9  )
( -49  4  -31  )
( -10  -11  25  )
( 40  -41  5  )
( 32  -49  31  )
( 14  -44  8  )
( 45  40  -24  )
( 18  -23  36  )
( 13  35  20  )
( 25  6  -3  )
( 2  3  10  )
( -11  -42  -39  )
( -8  -28  -35  )
( 13  -23  -45  )
( 6  31  -26  )
( 15  -40  -3  )
( -35  -9  21  )
( -24  -47  -42  )
( 29  -25  32  )
( -33  -40  -6  )
( -21  45  -22  )
( 21  44  10  )
( 10  -49  -5  )
( -40  23  26  )
( -36  32  41  )
( 30  -14  1  )
( -43  -21  14  )
( 8  28  -26  )
( 2  46  39  )
( -33  25  -9  )
( -24  -33  -7  )
( -33  15  0  )
( -32  -20  -28  )
( -11  29  -48  )
( -42  11  -18  )
( 10  -36  -41  )
( -0  23  -46  )
( 24  -41  27  )
( -35  44  -2  )
( -0  21  -2  )
( 28  39  -38  )
( -34  -17  31  )
( -36  -46  20  )
( 8  -34  -24  )
( 9  24  -14  )
( -12  10  18  )
( 27  48  31  )
( 1  48  2  )
( 19  22  -21  )
( -34  21  -37  )
( -24  44  5  )
( 33  11  32  )
( 16  -39  24  )
( 36  -45  -44  )
( 45  -15  -24  )
( 10  -36  -28  )
( -45  -41  -22  )
( -21  -33  45  )
( -27  -36  -8  )
( -12  -9  -0  )
( 30  -38  -9  )
( -29  38  -26  )
( -34  -43  -42  )
( -4  -10  -27  )
( 2  -36  -4  )
( -19  35  32  )
( 8  45  -34  )
( -22  15  -4  )
( 23  -37  -39  )
( 40  -46  -28  )
( -44  -47  5  )
( -1  -20  -46  )
( -8  33  19  )
( -29  -9  33  )
( -29  28  33  )
( 0  1  -40  )
( -2  -46  -33  )
( 18  -49  17  )
( -11  -18  -15  )
( -2  -3  -45  )
( 49  -11  36  )
( -36  -49  13  )
( 40  49  -20  )
( 5  -31  -4  )
( 12  15  -36  )
( 46  32  11  )
( -42  -44  -21  )
( 39  -33  -35  )
( -14  -20  3  )
( -11  -23  32  )
( -35  26  -24  )
( 14  18  -4  )
( -19  -38  30  )
( -25  -18  39  )
( -41  28  -46  )
( -42  -21  38  )
( -22  -33  42  )
( -33  44  0  )
( 4  -11  0  )
( -23  0  -47  )
( 44  -17  -47  )
( -1  44  29  )
( -46  -45  9  )
( -24  -29  -3  )
( -33  -18  -4  )
( -41  39  26  )
( -30  2  -27  )
( 18  47  -48  )
( 42  -9  47  )
( 13  25  -49  )
( -15  -38  27  )
( -46  28  47  )
( -9  -13  -11  )
( -28  -33  0  )
( -23  -8  27  )
( 22  25  -0  )
( 17  -7  22  )
